L 105, -2068, 868,  105, -2068, 867,  0, 0, 0
L 105, -2068, 867,  164, -2068, 868,  0, 0, 0
L 164, -2068, 868,  165, -2061, 868,  0, 0, 0
L 165, -2061, 868,  154, -2052, 865,  0, 0, 0
L 154, -2052, 865,  132, -2034, 1069,  0, 0, 0
L 132, -2034, 1069,  125, -1995, 1067,  0, 0, 0
L 125, -1995, 1067,  125, -1797, 1065,  0, 0, 0
L 125, -1797, 1065,  132, -1770, 1065,  0, 0, 0
L 132, -1770, 1065,  152, -1750, 1067,  0, 0, 0
L 152, -1750, 1067,  172, -1745, 1046,  0, 0, 0
L 172, -1745, 1046,  171, -1732, 1047,  0, 0, 0
L 171, -1732, 1047,  143, -1739, 1046,  0, 0, 0
L 143, -1739, 1046,  116, -1766, 1099,  0, 0, 0
L 252, -2068, 865,  252, -2068, 867,  0, 0, 0
L 252, -2068, 867,  192, -2067, 868,  0, 0, 0
L 192, -2067, 868,  192, -2061, 865,  0, 0, 0
L 192, -2061, 865,  203, -2052, 865,  0, 0, 0
L 203, -2052, 865,  225, -2034, 1065,  0, 0, 0
L 225, -2034, 1065,  232, -1995, 1065,  0, 0, 0
L 232, -1995, 1065,  232, -1797, 1065,  0, 0, 0
L 232, -1797, 1065,  225, -1770, 1065,  0, 0, 0
L 225, -1770, 1065,  205, -1750, 1069,  0, 0, 0
L 205, -1750, 1069,  184, -1744, 1048,  0, 0, 0
L 184, -1744, 1048,  185, -1732, 1048,  0, 0, 0
L 185, -1732, 1048,  214, -1739, 1047,  0, 0, 0
L 214, -1739, 1047,  240, -1765, 1067,  0, 0, 0
L 24, -1850, 1935,  24, -1850, 1937,  0, 0, 0
L 24, -1850, 1937,  -1587, -1787, 2254,  0, 0, 0
L -1587, -1787, 2254,  -1751, -1624, 2175,  0, 0, 0
L -1751, -1624, 2175,  -1780, -1511, 1854,  0, 0, 0
L -1780, -1511, 1854,  -1904, -359, 1967,  0, 0, 0
L -1904, -359, 1967,  -1966, -268, 1587,  0, 0, 0
L -1966, -268, 1585,  -1966, -268, 1585,  0, 0, 0
L -1966, -268, 1585,  -1967, -199, 1251,  0, 0, 0
L -1967, -199, 1251,  -1948, -193, 1250,  0, 0, 0
L -1948, -193, 1250,  -1928, -173, 1142,  0, 0, 0
L -1928, -173, 1142,  -1920, -145, 1048,  0, 0, 0
L -1920, -145, 1048,  -1930, -115, 969,  0, 0, 0
L -1930, -115, 969,  -1949, -96, 941,  0, 0, 0
L -1949, -96, 941,  -1975, -89, 928,  0, 0, 0
L -1975, -89, 928,  -1976, -25, 887,  0, 0, 0
L -1976, -25, 887,  -2047, -25, 931,  0, 0, 0
L -2047, -25, 931,  -2048, -99, 931,  0, 0, 0
L -2048, 95, 933,  -2048, 95, 933,  0, 0, 0
L -2048, 95, 933,  -2047, 21, 931,  0, 0, 0
L -2047, 21, 931,  -1975, 21, 886,  0, 0, 0
L -1975, 21, 886,  -1975, 58, 883,  0, 0, 0
L -1975, 58, 883,  -1949, 65, 880,  0, 0, 0
L -1949, 65, 880,  -1928, 86, 892,  0, 0, 0
L -1928, 86, 892,  -1920, 114, 913,  0, 0, 0
L -1920, 114, 913,  -1928, 142, 949,  0, 0, 0
L -1928, 142, 949,  -1948, 162, 975,  0, 0, 0
L -1948, 162, 975,  -1972, 169, 974,  0, 0, 0
L -1972, 169, 974,  -1974, 225, 1136,  0, 0, 0
L -1974, 225, 1136,  -1883, 509, 2623,  0, 0, 0
L -1883, 509, 2623,  -1769, 1273, 3635,  0, 0, 0
L -1769, 1273, 3635,  -1661, 1413, 3599,  0, 0, 0
L -1661, 1413, 3599,  -1503, 1532, 3705,  0, 0, 0
L -1503, 1532, 3705,  -1375, 1591, 3734,  0, 0, 0
L -1375, 1591, 3734,  -1216, 1658, 3544,  0, 0, 0
L -1216, 1658, 3544,  -1044, 1764, 3235,  0, 0, 0
L -1044, 1764, 3235,  11, 1843, 1873,  0, 0, 0
L 11, 1843, 1873,  839, 1821, 1843,  0, 0, 0
L 839, 1821, 1842,  839, 1821, 1842,  0, 0, 0
L 839, 1821, 1842,  839, 1781, 1469,  0, 0, 0
L 839, 1781, 1469,  832, 1781, 1402,  0, 0, 0
L 832, 1781, 1402,  832, 1756, 1063,  0, 0, 0
L 832, 1756, 1063,  847, 1756, 1025,  0, 0, 0
L 847, 1756, 1025,  847, 1891, 1025,  0, 0, 0
L 847, 1891, 1025,  872, 1891, 1028,  0, 0, 0
L 886, 1892, 1028,  886, 1892, 1028,  0, 0, 0
L 886, 1892, 1028,  909, 1891, 1026,  0, 0, 0
L 909, 1891, 1026,  909, 1756, 1027,  0, 0, 0
L 909, 1756, 1028,  909, 1756, 1027,  0, 0, 0
L 909, 1756, 1027,  925, 1756, 1027,  0, 0, 0
L 925, 1756, 1027,  925, 1781, 1243,  0, 0, 0
L 925, 1781, 1243,  918, 1781, 1247,  0, 0, 0
L 918, 1781, 1247,  918, 1819, 1751,  0, 0, 0
L 918, 1819, 1751,  1178, 1810, 1579,  0, 0, 0
L 1178, 1810, 1579,  1554, 1709, 2024,  0, 0, 0
L 1554, 1709, 2024,  1670, 1508, 2032,  0, 0, 0
L 1670, 1508, 2032,  1720, 1371, 2727,  0, 0, 0
L 1720, 1371, 2727,  1804, 910, 2281,  0, 0, 0
L 1804, 910, 2281,  1774, 814, 1795,  0, 0, 0
L 1774, 814, 1795,  1749, 814, 1448,  0, 0, 0
L 1749, 814, 1448,  1743, 822, 1396,  0, 0, 0
L 1743, 822, 1396,  1736, 823, 1308,  0, 0, 0
L 1736, 823, 1308,  1730, 820, 1265,  0, 0, 0
L 1730, 820, 1265,  1727, 814, 1229,  0, 0, 0
L 1727, 814, 1229,  1728, 807, 1238,  0, 0, 0
L 1728, 807, 1238,  1731, 803, 1265,  0, 0, 0
L 1731, 803, 1265,  1736, 801, 1303,  0, 0, 0
L 1736, 801, 1303,  1737, 796, 1304,  0, 0, 0
L 1737, 796, 1304,  1855, 796, 1318,  0, 0, 0
L 1856, 764, 1319,  1856, 764, 1319,  0, 0, 0
L 1856, 764, 1319,  1737, 763, 1315,  0, 0, 0
L 1737, 763, 1315,  1736, 758, 1291,  0, 0, 0
L 1736, 758, 1291,  1732, 757, 1254,  0, 0, 0
L 1732, 757, 1254,  1727, 752, 1197,  0, 0, 0
L 1727, 752, 1197,  1726, 746, 1183,  0, 0, 0
L 1726, 746, 1183,  1729, 740, 1198,  0, 0, 0
L 1729, 740, 1198,  1732, 737, 1221,  0, 0, 0
L 1732, 737, 1221,  1737, 736, 1251,  0, 0, 0
L 1737, 736, 1251,  1744, 738, 1355,  0, 0, 0
L 1744, 738, 1355,  1748, 742, 1417,  0, 0, 0
L 1748, 742, 1417,  1749, 746, 1447,  0, 0, 0
L 1749, 746, 1447,  1805, 746, 2335,  0, 0, 0
L 1805, 746, 2335,  1462, 60, 2115,  0, 0, 0
L 1462, 60, 2115,  1448, -121, 2280,  0, 0, 0
L 1448, -121, 2280,  1476, -264, 2255,  0, 0, 0
L 1476, -264, 2255,  1546, -376, 2398,  0, 0, 0
L 1546, -376, 2398,  1585, -469, 2397,  0, 0, 0
L 1585, -469, 2397,  1678, -555, 2526,  0, 0, 0
L 1678, -555, 2526,  1737, -678, 2421,  0, 0, 0
L 1737, -678, 2421,  1765, -861, 2612,  0, 0, 0
L 1765, -861, 2612,  1804, -1060, 1618,  0, 0, 0
L 1792, -1088, 1170,  1792, -1088, 1170,  0, 0, 0
L 1792, -1088, 1170,  1825, -1109, 1167,  0, 0, 0
L 1825, -1109, 1167,  1831, -1115, 1142,  0, 0, 0
L 1831, -1115, 1142,  1846, -1118, 1113,  0, 0, 0
L 1846, -1118, 1113,  1860, -1116, 1030,  0, 0, 0
L 1860, -1116, 1030,  1866, -1101, 967,  0, 0, 0
L 1866, -1101, 967,  1871, -1069, 912,  0, 0, 0
L 1871, -1069, 912,  1887, -1048, 873,  0, 0, 0
L 1887, -1048, 873,  1912, -1036, 850,  0, 0, 0
L 1912, -1036, 850,  1929, -1033, 830,  0, 0, 0
L 1929, -1033, 830,  1940, -1026, 805,  0, 0, 0
L 1940, -1026, 805,  1947, -996, 745,  0, 0, 0
L 1947, -996, 745,  1933, -964, 703,  0, 0, 0
L 1933, -964, 703,  1930, -937, 728,  0, 0, 0
L 1930, -937, 728,  1920, -937, 682,  0, 0, 0
L 1920, -937, 682,  1908, -926, 666,  0, 0, 0
L 1908, -926, 666,  1894, -910, 619,  0, 0, 0
L 1894, -910, 619,  1884, -893, 631,  0, 0, 0
L 1884, -893, 631,  1882, -880, 641,  0, 0, 0
L 1882, -880, 641,  1884, -849, 754,  0, 0, 0
L 1884, -849, 754,  1892, -831, 633,  0, 0, 0
L 1892, -831, 633,  1905, -815, 688,  0, 0, 0
L 1905, -815, 688,  1925, -807, 695,  0, 0, 0
L 1925, -807, 695,  1959, -794, 576,  0, 0, 0
L 1959, -794, 576,  1975, -793, 589,  0, 0, 0
L 1975, -793, 589,  1990, -798, 687,  0, 0, 0
L 1990, -798, 687,  1996, -806, 720,  0, 0, 0
L 1996, -806, 720,  2021, -811, 682,  0, 0, 0
L 2021, -811, 682,  2038, -818, 663,  0, 0, 0
L 2038, -818, 663,  2064, -839, 639,  0, 0, 0
L 2064, -839, 639,  2074, -865, 610,  0, 0, 0
L 2074, -865, 610,  2076, -886, 583,  0, 0, 0
L 2076, -886, 583,  2078, -897, 562,  0, 0, 0
L 2078, -897, 562,  2088, -909, 532,  0, 0, 0
L 2088, -909, 532,  2120, -921, 497,  0, 0, 0
L 2120, -921, 497,  2138, -943, 475,  0, 0, 0
L 2138, -943, 475,  2145, -968, 444,  0, 0, 0
L 2145, -968, 444,  2139, -993, 406,  0, 0, 0
L 2139, -993, 406,  2119, -1028, 355,  0, 0, 0
L 2119, -1028, 355,  2117, -1044, 339,  0, 0, 0
L 2117, -1044, 339,  2159, -1064, 55,  0, 0, 0
L 2159, -1064, 55,  2178, -1095, 20,  0, 0, 0
L 2178, -1095, 20,  2209, -1097, -121,  0, 0, 0
L 2209, -1097, -118,  2209, -1097, -118,  0, 0, 0
L 2209, -1097, -118,  2229, -1109, -152,  0, 0, 0
L 2229, -1109, -152,  2244, -1129, -195,  0, 0, 0
L 2244, -1129, -195,  2251, -1155, -223,  0, 0, 0
L 2251, -1155, -223,  2249, -1180, -257,  0, 0, 0
L 2249, -1180, -257,  2234, -1207, -300,  0, 0, 0
L 2234, -1207, -300,  2222, -1216, -323,  0, 0, 0
L 2222, -1216, -323,  2212, -1229, -357,  0, 0, 0
L 2212, -1229, -357,  2200, -1265, -422,  0, 0, 0
L 2200, -1265, -422,  2183, -1288, -451,  0, 0, 0
L 2183, -1288, -451,  2161, -1301, -483,  0, 0, 0
L 2161, -1301, -483,  2133, -1305, -512,  0, 0, 0
L 2133, -1305, -512,  2111, -1319, -477,  0, 0, 0
L 2111, -1319, -477,  2130, -1337, -384,  0, 0, 0
L 2130, -1337, -384,  2153, -1372, -588,  0, 0, 0
L 2153, -1372, -588,  2151, -1403, -570,  0, 0, 0
L 2151, -1403, -570,  2149, -1431, -380,  0, 0, 0
L 2149, -1431, -380,  2187, -1427, -406,  0, 0, 0
L 2187, -1427, -406,  2220, -1419, -361,  0, 0, 0
L 2220, -1419, -361,  2244, -1418, -323,  0, 0, 0
L 2244, -1418, -323,  2246, -1405, -204,  0, 0, 0
L 2246, -1405, -204,  2277, -1372, -306,  0, 0, 0
L 2277, -1372, -306,  2309, -1362, -293,  0, 0, 0
L 2309, -1362, -293,  2339, -1355, -280,  0, 0, 0
L 2339, -1355, -280,  2372, -1361, -301,  0, 0, 0
L 2372, -1361, -301,  2401, -1375, -281,  0, 0, 0
L 2401, -1375, -281,  2413, -1390, -271,  0, 0, 0
L 2413, -1390, -271,  2417, -1420, -180,  0, 0, 0
L 2417, -1420, -180,  2407, -1457, -246,  0, 0, 0
L 2407, -1457, -246,  2380, -1478, -318,  0, 0, 0
L 2380, -1478, -318,  2261, -1474, -330,  0, 0, 0
L 2261, -1474, -330,  2246, -1463, -243,  0, 0, 0
L 2246, -1463, -243,  2245, -1452, -220,  0, 0, 0
L 2245, -1452, -220,  2225, -1454, -355,  0, 0, 0
L 2225, -1454, -355,  2208, -1457, -389,  0, 0, 0
L 2208, -1457, -389,  2193, -1462, -415,  0, 0, 0
L 2193, -1462, -415,  2167, -1466, -431,  0, 0, 0
L 2167, -1466, -431,  2150, -1466, -396,  0, 0, 0
L 2150, -1466, -396,  2149, -1482, -355,  0, 0, 0
L 2149, -1482, -355,  2116, -1510, -521,  0, 0, 0
L 2116, -1510, -521,  1997, -1517, -453,  0, 0, 0
L 1997, -1517, -453,  1976, -1420, -403,  0, 0, 0
L 1976, -1420, -403,  1962, -1422, -451,  0, 0, 0
L 1962, -1422, -451,  1932, -1441, -426,  0, 0, 0
L 1932, -1441, -426,  1932, -1441, -426,  0, 0, 0
L 1932, -1441, -426,  1908, -1448, -415,  0, 0, 0
L 1908, -1448, -415,  1892, -1449, -383,  0, 0, 0
L 1892, -1449, -383,  1885, -1450, -366,  0, 0, 0
L 1885, -1450, -366,  1885, -1457, -328,  0, 0, 0
L 1885, -1457, -328,  1876, -1469, -334,  0, 0, 0
L 1876, -1469, -334,  1852, -1493, -479,  0, 0, 0
L 1852, -1493, -479,  1792, -1508, -475,  0, 0, 0
L 1792, -1508, -475,  1757, -1502, -490,  0, 0, 0
L 1757, -1502, -490,  1733, -1491, -513,  0, 0, 0
L 1733, -1491, -513,  1718, -1475, -558,  0, 0, 0
L 1718, -1475, -558,  1712, -1445, -592,  0, 0, 0
L 1712, -1445, -592,  1722, -1408, -567,  0, 0, 0
L 1722, -1408, -567,  1747, -1387, -517,  0, 0, 0
L 1747, -1387, -517,  1867, -1389, -292,  0, 0, 0
L 1867, -1389, -292,  1863, -1401, -246,  0, 0, 0
L 1863, -1401, -246,  1872, -1417, -296,  0, 0, 0
L 1872, -1417, -296,  1892, -1423, -424,  0, 0, 0
L 1892, -1423, -424,  1909, -1418, -467,  0, 0, 0
L 1909, -1418, -467,  1919, -1407, -431,  0, 0, 0
L 1919, -1407, -431,  1946, -1391, -460,  0, 0, 0
L 1946, -1391, -460,  1975, -1386, -420,  0, 0, 0
L 1975, -1386, -420,  1979, -1367, -370,  0, 0, 0
L 1979, -1367, -370,  2001, -1310, -503,  0, 0, 0
L 2001, -1310, -503,  2033, -1286, -589,  0, 0, 0
L 2033, -1286, -589,  2059, -1284, -643,  0, 0, 0
L 2059, -1284, -643,  2080, -1289, -486,  0, 0, 0
L 2080, -1289, -486,  2086, -1295, -502,  0, 0, 0
L 2086, -1295, -502,  2106, -1280, -543,  0, 0, 0
L 2106, -1280, -543,  2133, -1270, -515,  0, 0, 0
L 2133, -1270, -515,  2148, -1269, -489,  0, 0, 0
L 2148, -1269, -489,  2162, -1259, -446,  0, 0, 0
L 2162, -1259, -446,  2175, -1239, -398,  0, 0, 0
L 2175, -1239, -398,  2179, -1219, -355,  0, 0, 0
L 2179, -1219, -355,  2192, -1198, -323,  0, 0, 0
L 2192, -1198, -323,  2209, -1183, -301,  0, 0, 0
L 2209, -1183, -301,  2216, -1169, -259,  0, 0, 0
L 2216, -1169, -259,  2215, -1151, -217,  0, 0, 0
L 2215, -1151, -217,  2211, -1141, -196,  0, 0, 0
L 2211, -1141, -196,  2204, -1133, -150,  0, 0, 0
L 2204, -1133, -150,  2187, -1128, -79,  0, 0, 0
L 2187, -1128, -79,  2181, -1127, -52,  0, 0, 0
L 2181, -1127, -52,  2176, -1140, 59,  0, 0, 0
L 2176, -1140, 59,  2163, -1153, 42,  0, 0, 0
L 2163, -1153, 42,  2144, -1154, 80,  0, 0, 0
L 2144, -1154, 80,  2043, -1124, 580,  0, 0, 0
L 2043, -1124, 580,  2028, -1105, 596,  0, 0, 0
L 2028, -1105, 596,  2031, -1080, 587,  0, 0, 0
L 2031, -1080, 587,  2040, -1065, 565,  0, 0, 0
L 2040, -1065, 565,  2068, -1045, 530,  0, 0, 0
L 2068, -1045, 530,  2083, -1044, 437,  0, 0, 0
L 2083, -1044, 437,  2085, -1024, 434,  0, 0, 0
L 2085, -1024, 434,  2105, -984, 399,  0, 0, 0
L 2105, -984, 399,  2110, -971, 439,  0, 0, 0
L 2110, -971, 439,  2107, -960, 469,  0, 0, 0
L 2107, -960, 469,  2100, -949, 497,  0, 0, 0
L 2100, -949, 497,  2086, -945, 511,  0, 0, 0
L 2086, -945, 511,  2064, -934, 534,  0, 0, 0
L 2064, -934, 534,  2046, -911, 560,  0, 0, 0
L 2046, -911, 560,  2041, -877, 598,  0, 0, 0
L 2041, -877, 598,  2035, -858, 639,  0, 0, 0
L 2035, -858, 639,  2026, -851, 650,  0, 0, 0
L 2026, -851, 650,  2012, -845, 681,  0, 0, 0
L 2012, -845, 681,  1997, -845, 707,  0, 0, 0
L 1997, -845, 707,  1999, -861, 680,  0, 0, 0
L 1999, -861, 681,  1999, -861, 681,  0, 0, 0
L 1999, -861, 681,  1992, -894, 622,  0, 0, 0
L 1992, -894, 622,  1992, -909, 604,  0, 0, 0
L 1992, -909, 604,  1990, -928, 670,  0, 0, 0
L 1990, -928, 670,  1972, -936, 732,  0, 0, 0
L 1972, -936, 732,  1966, -938, 715,  0, 0, 0
L 1966, -938, 715,  1966, -955, 702,  0, 0, 0
L 1966, -955, 702,  1972, -967, 723,  0, 0, 0
L 1972, -967, 723,  1980, -987, 739,  0, 0, 0
L 1980, -987, 739,  1981, -1007, 762,  0, 0, 0
L 1981, -1007, 762,  1977, -1030, 785,  0, 0, 0
L 1977, -1030, 785,  1965, -1050, 811,  0, 0, 0
L 1965, -1050, 811,  1946, -1062, 828,  0, 0, 0
L 1946, -1062, 828,  1915, -1071, 848,  0, 0, 0
L 1915, -1071, 848,  1906, -1078, 879,  0, 0, 0
L 1906, -1078, 879,  1900, -1098, 956,  0, 0, 0
L 1900, -1098, 956,  1899, -1112, 981,  0, 0, 0
L 1899, -1112, 981,  1887, -1139, 1025,  0, 0, 0
L 1887, -1139, 1025,  1859, -1152, 1070,  0, 0, 0
L 1859, -1152, 1070,  1836, -1152, 1117,  0, 0, 0
L 1836, -1152, 1117,  1822, -1148, 1144,  0, 0, 0
L 1822, -1148, 1144,  1793, -1127, 1173,  0, 0, 0
L 1806, -1140, 1618,  1806, -1140, 1618,  0, 0, 0
L 1806, -1140, 1618,  1763, -1461, 2120,  0, 0, 0
L 1763, -1461, 2120,  1717, -1582, 1974,  0, 0, 0
L 1717, -1582, 1974,  1625, -1690, 2398,  0, 0, 0
L 1625, -1690, 2398,  1538, -1754, 2565,  0, 0, 0
L 1538, -1754, 2565,  1411, -1772, 2539,  0, 0, 0
L 1411, -1772, 2539,  1239, -1770, 2673,  0, 0, 0
L 1239, -1770, 2673,  1091, -1786, 2595,  0, 0, 0
L 1091, -1786, 2595,  926, -1806, 2742,  0, 0, 0
L 926, -1806, 2742,  774, -1813, 2654,  0, 0, 0
L 774, -1813, 2654,  600, -1828, 2625,  0, 0, 0
L 600, -1828, 2625,  425, -1846, 2498,  0, 0, 0
L 425, -1846, 2498,  235, -1860, 2302,  0, 0, 0
L 22, -1850, 1846,  22, -1850, 1846,  0, 0, 0
L 22, -1850, 1846,  127, -1860, 2127,  0, 0, 0
L 159, -1684, 975,  159, -1684, 975,  0, 0, 0
L 159, -1684, 975,  144, -1628, 951,  0, 0, 0
L 144, -1628, 951,  134, -1589, 912,  0, 0, 0
L 134, -1589, 912,  118, -1529, 873,  0, 0, 0
L 118, -1529, 873,  92, -1467, 861,  0, 0, 0
L 92, -1467, 861,  74, -1432, 850,  0, 0, 0
L 74, -1432, 850,  49, -1381, 865,  0, 0, 0
L 49, -1381, 865,  46, -1329, 925,  0, 0, 0
L 46, -1329, 925,  42, -1299, 913,  0, 0, 0
L 42, -1299, 913,  39, -1261, 913,  0, 0, 0
L 39, -1261, 913,  38, -1194, 913,  0, 0, 0
L 38, -1194, 913,  40, -1133, 916,  0, 0, 0
L 40, -1133, 916,  40, -1087, 933,  0, 0, 0
L 40, -1087, 933,  39, -1041, 917,  0, 0, 0
L 39, -1041, 917,  41, -1010, 927,  0, 0, 0
L 41, -1010, 927,  50, -962, 858,  0, 0, 0
L 50, -962, 858,  19, -961, 882,  0, 0, 0
L 19, -961, 882,  -10, -976, 912,  0, 0, 0
L -10, -976, 912,  -43, -982, 932,  0, 0, 0
L -43, -982, 932,  -85, -971, 891,  0, 0, 0
L -85, -971, 891,  -116, -958, 884,  0, 0, 0
L -116, -958, 884,  -230, -973, 870,  0, 0, 0
L -230, -973, 870,  -248, -989, 874,  0, 0, 0
L -248, -989, 874,  -269, -1005, 864,  0, 0, 0
L -269, -1005, 864,  -322, -1038, 881,  0, 0, 0
L -322, -1038, 881,  -362, -1049, 868,  0, 0, 0
L -362, -1049, 868,  -417, -1052, 861,  0, 0, 0
L -417, -1052, 861,  -466, -1051, 863,  0, 0, 0
L -466, -1051, 863,  -517, -1033, 850,  0, 0, 0
L -517, -1033, 850,  -562, -986, 850,  0, 0, 0
L -562, -986, 850,  -579, -943, 854,  0, 0, 0
L -579, -943, 854,  -576, -880, 881,  0, 0, 0
L -576, -880, 881,  -574, -836, 881,  0, 0, 0
L -574, -836, 881,  -560, -768, 881,  0, 0, 0
L -560, -768, 881,  -547, -733, 876,  0, 0, 0
L -547, -733, 876,  -520, -656, 851,  0, 0, 0
L -520, -656, 851,  -516, -598, 857,  0, 0, 0
L -516, -598, 857,  -516, -549, 857,  0, 0, 0
L -516, -549, 857,  -520, -504, 852,  0, 0, 0
L -520, -504, 852,  -540, -448, 854,  0, 0, 0
L -540, -448, 854,  -565, -406, 850,  0, 0, 0
L -565, -406, 850,  -598, -365, 850,  0, 0, 0
L -598, -365, 850,  -627, -330, 855,  0, 0, 0
L -627, -330, 855,  -679, -267, 873,  0, 0, 0
L -679, -267, 873,  -717, -218, 867,  0, 0, 0
L -717, -218, 867,  -759, -167, 888,  0, 0, 0
L -759, -167, 888,  -781, -143, 897,  0, 0, 0
L -781, -143, 897,  -857, -65, 885,  0, 0, 0
L -857, -65, 885,  -900, -28, 867,  0, 0, 0
L -900, -28, 867,  -941, -4, 850,  0, 0, 0
L -941, -4, 850,  -973, 11, 850,  0, 0, 0
L -973, 11, 850,  -990, 10, 864,  0, 0, 0
L -990, 10, 864,  -1043, 6, 850,  0, 0, 0
L -1043, 6, 850,  -1090, 0, 851,  0, 0, 0
L -1090, 0, 851,  -1139, -6, 861,  0, 0, 0
L -1139, -6, 861,  -1207, -16, 874,  0, 0, 0
L -1207, -16, 874,  -1285, -29, 850,  0, 0, 0
L -1285, -29, 850,  -1337, -33, 882,  0, 0, 0
L -1337, -33, 882,  -1396, -26, 853,  0, 0, 0
L -1396, -26, 853,  -1456, -15, 850,  0, 0, 0
L -1456, -15, 850,  -1508, -1, 863,  0, 0, 0
L -1508, -1, 863,  -1562, 6, 850,  0, 0, 0
L -1562, 6, 850,  -1616, 6, 850,  0, 0, 0
L -1616, 6, 850,  -1664, 6, 850,  0, 0, 0
L -1664, 6, 850,  -1712, 5, 866,  0, 0, 0
L -1712, 5, 866,  -1760, 4, 871,  0, 0, 0
L -1760, 4, 871,  -1849, 0, 853,  0, 0, 0
L -1849, 0, 853,  -1901, -1, 857,  0, 0, 0
L -1901, -1, 857,  -1952, -3, 881,  0, 0, 0
L -1100, 528, 864,  -1100, 528, 864,  0, 0, 0
L -1100, 528, 864,  -1100, 432, 851,  0, 0, 0
L -1100, 432, 851,  -1102, 364, 850,  0, 0, 0
L -1102, 364, 850,  -1101, 294, 851,  0, 0, 0
L -1101, 294, 851,  -1091, 233, 850,  0, 0, 0
L -1091, 233, 850,  -1076, 190, 850,  0, 0, 0
L -1076, 190, 850,  -1052, 143, 850,  0, 0, 0
L -1052, 143, 850,  -1021, 93, 850,  0, 0, 0
L -1021, 93, 850,  -989, 52, 858,  0, 0, 0
L -989, 52, 858,  -950, 10, 852,  0, 0, 0
L -950, 10, 852,  -909, -19, 850,  0, 0, 0
L -909, -19, 850,  -899, -29, 865,  0, 0, 0
L -181, -1105, 731,  -181, -1105, 731,  0, 0, 0
L -181, -1105, 731,  -199, -1101, 732,  0, 0, 0
L -199, -1101, 732,  -215, -1084, 722,  0, 0, 0
L -215, -1084, 722,  -222, -1059, 734,  0, 0, 0
L -222, -1059, 734,  -213, -1040, 726,  0, 0, 0
L -213, -1040, 726,  -210, -1029, 726,  0, 0, 0
L -210, -1029, 726,  -199, -1023, 724,  0, 0, 0
L -199, -1023, 724,  -196, -1020, 730,  0, 0, 0
L -196, -1020, 730,  -192, -1007, 739,  0, 0, 0
L -192, -1007, 739,  -184, -1006, 733,  0, 0, 0
L -184, -1006, 733,  -162, -1013, 723,  0, 0, 0
L -162, -1013, 723,  -151, -1020, 735,  0, 0, 0
L -151, -1020, 735,  -138, -1032, 737,  0, 0, 0
L -138, -1032, 737,  -132, -1040, 729,  0, 0, 0
L -132, -1040, 729,  -129, -1053, 736,  0, 0, 0
L -129, -1053, 736,  -127, -1067, 732,  0, 0, 0
L -127, -1067, 732,  -136, -1085, 715,  0, 0, 0
L -136, -1085, 715,  -146, -1093, 726,  0, 0, 0
L -146, -1093, 726,  -159, -1100, 735,  0, 0, 0
L -159, -1100, 735,  -178, -1104, 731,  0, 0, 0
L -178, -1104, 731,  -185, -1104, 732,  0, 0, 0
L 53, -959, 851,  53, -959, 851,  0, 0, 0
L 53, -959, 851,  179, -926, 863,  0, 0, 0
L 179, -926, 863,  249, -914, 850,  0, 0, 0
L 249, -914, 850,  326, -923, 850,  0, 0, 0
L 326, -923, 850,  380, -936, 855,  0, 0, 0
L 380, -936, 855,  421, -949, 866,  0, 0, 0
L 421, -949, 866,  484, -960, 850,  0, 0, 0
L 484, -960, 850,  548, -962, 850,  0, 0, 0
L 548, -962, 850,  596, -963, 850,  0, 0, 0
L 596, -963, 850,  679, -956, 855,  0, 0, 0
L 679, -956, 855,  713, -929, 861,  0, 0, 0
L 713, -929, 861,  747, -891, 876,  0, 0, 0
L 747, -891, 876,  781, -829, 855,  0, 0, 0
L 781, -829, 855,  794, -763, 873,  0, 0, 0
L 794, -763, 873,  802, -698, 850,  0, 0, 0
L 802, -698, 850,  801, -635, 856,  0, 0, 0
L 801, -635, 856,  798, -568, 852,  0, 0, 0
L 798, -568, 852,  794, -520, 850,  0, 0, 0
L 794, -520, 850,  786, -451, 850,  0, 0, 0
L 786, -451, 850,  781, -386, 850,  0, 0, 0
L 781, -386, 850,  774, -329, 864,  0, 0, 0
L 774, -329, 864,  769, -281, 850,  0, 0, 0
L 769, -281, 850,  760, -186, 853,  0, 0, 0
L 760, -186, 853,  752, -123, 850,  0, 0, 0
L 752, -123, 850,  742, -76, 858,  0, 0, 0
L 742, -76, 858,  720, -4, 850,  0, 0, 0
L 720, -4, 850,  700, 48, 850,  0, 0, 0
L 700, 48, 850,  681, 89, 866,  0, 0, 0
L 681, 89, 866,  656, 129, 861,  0, 0, 0
L 656, 129, 861,  617, 193, 875,  0, 0, 0
L 617, 193, 875,  584, 252, 998,  0, 0, 0
L 584, 252, 998,  560, 302, 1207,  0, 0, 0
L 560, 302, 1207,  541, 337, 1286,  0, 0, 0
L 541, 337, 1286,  521, 377, 1258,  0, 0, 0
L 521, 377, 1258,  505, 424, 1208,  0, 0, 0
L 505, 424, 1208,  475, 486, 1101,  0, 0, 0
L 475, 486, 1101,  452, 523, 1059,  0, 0, 0
L 452, 523, 1059,  416, 564, 1010,  0, 0, 0
L 416, 564, 1010,  396, 584, 978,  0, 0, 0
L 396, 584, 978,  339, 646, 895,  0, 0, 0
L 339, 646, 895,  314, 675, 888,  0, 0, 0
L 314, 675, 888,  268, 721, 895,  0, 0, 0
L 268, 721, 895,  226, 744, 888,  0, 0, 0
L 226, 744, 888,  175, 756, 901,  0, 0, 0
L 175, 756, 901,  127, 767, 925,  0, 0, 0
L 127, 767, 925,  65, 765, 928,  0, 0, 0
L 65, 765, 928,  31, 760, 935,  0, 0, 0
L 31, 760, 935,  -20, 751, 927,  0, 0, 0
L -20, 751, 927,  -81, 739, 916,  0, 0, 0
L -81, 739, 916,  -126, 736, 913,  0, 0, 0
L -126, 736, 913,  -156, 737, 918,  0, 0, 0
L -156, 737, 918,  -234, 751, 871,  0, 0, 0
L -234, 751, 871,  -258, 771, 899,  0, 0, 0
L -258, 771, 899,  -278, 804, 925,  0, 0, 0
L -278, 804, 925,  -289, 840, 925,  0, 0, 0
L -289, 840, 925,  -289, 874, 939,  0, 0, 0
L -289, 874, 939,  -263, 919, 877,  0, 0, 0
L -263, 919, 877,  -243, 968, 873,  0, 0, 0
L -243, 968, 873,  -228, 1009, 887,  0, 0, 0
L -228, 1009, 887,  -198, 1067, 855,  0, 0, 0
L -198, 1067, 855,  -184, 1108, 850,  0, 0, 0
L -184, 1108, 850,  -184, 1137, 856,  0, 0, 0
L -184, 1137, 856,  -192, 1171, 850,  0, 0, 0
L -192, 1171, 850,  -210, 1216, 850,  0, 0, 0
L -210, 1216, 850,  -227, 1256, 860,  0, 0, 0
L -227, 1256, 860,  -239, 1295, 850,  0, 0, 0
L -239, 1295, 850,  -256, 1360, 858,  0, 0, 0
L -256, 1360, 858,  -258, 1392, 850,  0, 0, 0
L -258, 1392, 850,  -258, 1455, 855,  0, 0, 0
L -258, 1455, 855,  -243, 1500, 854,  0, 0, 0
L -243, 1500, 854,  -252, 1518, 878,  0, 0, 0
L 1188, -251, 848,  1188, -251, 848,  0, 0, 0
L 1188, -251, 848,  1233, -247, 844,  0, 0, 0
L 1233, -247, 844,  1281, -266, 874,  0, 0, 0
L 1281, -266, 874,  1304, -301, 863,  0, 0, 0
L 1304, -301, 863,  1313, -324, 871,  0, 0, 0
L 1313, -324, 871,  1324, -360, 848,  0, 0, 0
L 1324, -360, 848,  1337, -399, 846,  0, 0, 0
L 1337, -399, 846,  1345, -429, 839,  0, 0, 0
L 1345, -429, 839,  1344, -463, 839,  0, 0, 0
L 1344, -463, 839,  1315, -500, 846,  0, 0, 0
L 1315, -500, 846,  1286, -513, 858,  0, 0, 0
L 1286, -513, 858,  1243, -519, 850,  0, 0, 0
L 1243, -519, 850,  1205, -496, 865,  0, 0, 0
L 1205, -496, 865,  1182, -461, 866,  0, 0, 0
L 1182, -461, 866,  1182, -461, 866,  0, 0, 0
L 1182, -461, 866,  1152, -403, 848,  0, 0, 0
L 1152, -403, 848,  1141, -328, 831,  0, 0, 0
L 1141, -328, 831,  1150, -297, 834,  0, 0, 0
L 1150, -297, 834,  1162, -270, 857,  0, 0, 0
L 1162, -270, 857,  1183, -256, 850,  0, 0, 0
L 1183, -256, 850,  1197, -251, 846,  0, 0, 0
L 1542, -1342, 853,  1542, -1342, 853,  0, 0, 0
L 1542, -1342, 853,  1549, -1352, 850,  0, 0, 0
L 1549, -1352, 850,  1555, -1378, 842,  0, 0, 0
L 1555, -1378, 842,  1548, -1414, 847,  0, 0, 0
L 1548, -1414, 847,  1540, -1424, 855,  0, 0, 0
L 1540, -1424, 855,  1503, -1438, 848,  0, 0, 0
L 1503, -1438, 848,  1482, -1431, 853,  0, 0, 0
L 1482, -1431, 853,  1470, -1421, 854,  0, 0, 0
L 1470, -1421, 854,  1451, -1377, 842,  0, 0, 0
L 1451, -1377, 842,  1454, -1367, 845,  0, 0, 0
L 1454, -1367, 845,  1471, -1343, 845,  0, 0, 0
L 1471, -1343, 845,  1487, -1326, 849,  0, 0, 0
L 1487, -1326, 849,  1510, -1331, 843,  0, 0, 0
L 1510, -1331, 843,  1537, -1343, 838,  0, 0, 0
L 1537, -1343, 838,  1547, -1350, 845,  0, 0, 0
L 490, -960, 850,  490, -960, 850,  0, 0, 0
L 490, -960, 850,  483, -932, 869,  0, 0, 0
L 483, -932, 869,  472, -859, 819,  0, 0, 0
L 472, -859, 819,  465, -815, 840,  0, 0, 0
L 465, -815, 840,  456, -760, 854,  0, 0, 0
L 456, -760, 854,  454, -736, 858,  0, 0, 0
L 454, -736, 858,  460, -709, 797,  0, 0, 0
L 460, -709, 797,  477, -696, 829,  0, 0, 0
L 477, -696, 829,  520, -664, 805,  0, 0, 0
L 520, -664, 805,  551, -631, 854,  0, 0, 0
L 551, -631, 854,  569, -599, 856,  0, 0, 0
L 569, -599, 856,  572, -549, 881,  0, 0, 0
L 572, -549, 881,  568, -502, 883,  0, 0, 0
L 568, -502, 883,  561, -451, 867,  0, 0, 0
L 561, -451, 867,  555, -412, 926,  0, 0, 0
L 555, -412, 926,  552, -398, 903,  0, 0, 0
L 552, -398, 903,  538, -339, 820,  0, 0, 0
L 538, -339, 820,  526, -294, 737,  0, 0, 0
L 526, -294, 737,  512, -250, 704,  0, 0, 0
L 512, -250, 704,  500, -220, 706,  0, 0, 0
L 500, -220, 706,  469, -157, 784,  0, 0, 0
L 469, -157, 784,  456, -134, 790,  0, 0, 0
L 456, -134, 790,  432, -84, 785,  0, 0, 0
L 432, -84, 785,  411, -32, 791,  0, 0, 0
L 411, -32, 791,  393, 9, 796,  0, 0, 0
L 393, 9, 796,  377, 69, 916,  0, 0, 0
L 377, 69, 916,  365, 105, 975,  0, 0, 0
L 365, 105, 975,  344, 139, 885,  0, 0, 0
L 344, 139, 885,  330, 168, 792,  0, 0, 0
L 330, 168, 792,  312, 221, 705,  0, 0, 0
L 312, 221, 705,  296, 257, 708,  0, 0, 0
L 296, 257, 708,  269, 306, 766,  0, 0, 0
L 269, 306, 766,  249, 335, 765,  0, 0, 0
L 249, 335, 765,  210, 383, 715,  0, 0, 0
L 210, 383, 715,  172, 425, 780,  0, 0, 0
L 172, 425, 780,  141, 449, 776,  0, 0, 0
L 141, 449, 776,  113, 465, 784,  0, 0, 0
L 113, 465, 784,  82, 479, 821,  0, 0, 0
L 82, 479, 821,  33, 500, 811,  0, 0, 0
L 33, 500, 811,  -23, 522, 711,  0, 0, 0
L -23, 522, 711,  -57, 527, 673,  0, 0, 0
L -57, 527, 673,  -125, 533, 755,  0, 0, 0
L -125, 533, 755,  -181, 527, 815,  0, 0, 0
L -181, 527, 815,  -220, 519, 757,  0, 0, 0
L -220, 519, 757,  -262, 512, 782,  0, 0, 0
L -262, 512, 782,  -315, 499, 750,  0, 0, 0
L -315, 499, 750,  -360, 496, 850,  0, 0, 0
L -360, 496, 850,  -467, 476, 828,  0, 0, 0
L -467, 476, 828,  -501, 472, 813,  0, 0, 0
L -501, 472, 813,  -551, 453, 715,  0, 0, 0
L -551, 453, 715,  -563, 442, 705,  0, 0, 0
L -563, 442, 705,  -565, 416, 656,  0, 0, 0
L -565, 416, 656,  -565, 370, 725,  0, 0, 0
L -565, 370, 725,  -553, 327, 782,  0, 0, 0
L -553, 327, 782,  -543, 297, 826,  0, 0, 0
L -543, 297, 826,  -524, 248, 870,  0, 0, 0
L -524, 248, 870,  -508, 198, 857,  0, 0, 0
L -508, 198, 857,  -497, 169, 870,  0, 0, 0
L -497, 169, 870,  -455, 104, 881,  0, 0, 0
L -455, 104, 881,  -450, 93, 880,  0, 0, 0
L -450, 93, 880,  -435, 63, 867,  0, 0, 0
L -435, 63, 867,  -408, 3, 790,  0, 0, 0
L -408, 3, 790,  -386, -34, 707,  0, 0, 0
L -386, -34, 707,  -369, -62, 678,  0, 0, 0
L -369, -62, 678,  -342, -100, 711,  0, 0, 0
L -342, -100, 711,  -298, -124, 750,  0, 0, 0
L -298, -124, 750,  -269, -141, 760,  0, 0, 0
L -269, -141, 760,  -224, -167, 787,  0, 0, 0
L -224, -167, 787,  -195, -183, 790,  0, 0, 0
L -195, -183, 790,  -155, -201, 724,  0, 0, 0
L -155, -201, 724,  -109, -219, 703,  0, 0, 0
L -109, -219, 703,  -75, -229, 699,  0, 0, 0
L -75, -229, 699,  -29, -243, 763,  0, 0, 0
L -29, -243, 763,  -10, -249, 799,  0, 0, 0
L -10, -249, 799,  34, -264, 859,  0, 0, 0
L 34, -264, 859,  73, -283, 888,  0, 0, 0
L 73, -283, 888,  109, -300, 830,  0, 0, 0
L 109, -300, 830,  150, -318, 779,  0, 0, 0
L 150, -318, 779,  209, -332, 720,  0, 0, 0
L 209, -332, 720,  231, -338, 730,  0, 0, 0
L 231, -338, 730,  296, -437, 799,  0, 0, 0
L 296, -437, 799,  297, -439, 799,  0, 0, 0
L 297, -439, 799,  317, -494, 785,  0, 0, 0
L 317, -494, 785,  329, -526, 830,  0, 0, 0
L 329, -526, 830,  345, -562, 865,  0, 0, 0
L 345, -562, 865,  362, -594, 842,  0, 0, 0
L 362, -594, 842,  378, -618, 824,  0, 0, 0
L 378, -618, 824,  403, -653, 768,  0, 0, 0
L 403, -653, 768,  423, -678, 798,  0, 0, 0
L 423, -678, 798,  442, -702, 816,  0, 0, 0
L 442, -702, 816,  457, -721, 823,  0, 0, 0
L -1298, 1040, 754,  -1298, 1040, 754,  0, 0, 0
L -1298, 1040, 754,  -1313, 1049, 748,  0, 0, 0
L -1313, 1049, 748,  -1354, 1077, 765,  0, 0, 0
L -1354, 1077, 765,  -1356, 1081, 764,  0, 0, 0
L -1356, 1081, 764,  -1369, 1108, 750,  0, 0, 0
L -1369, 1108, 750,  -1378, 1141, 762,  0, 0, 0
L -1378, 1141, 762,  -1384, 1179, 763,  0, 0, 0
L -1384, 1179, 763,  -1384, 1208, 764,  0, 0, 0
L -1384, 1208, 764,  -1381, 1235, 742,  0, 0, 0
L -1381, 1235, 742,  -1362, 1301, 747,  0, 0, 0
L -1362, 1301, 747,  -1341, 1329, 740,  0, 0, 0
L -1341, 1329, 740,  -1321, 1355, 753,  0, 0, 0
L -1321, 1355, 753,  -1299, 1375, 737,  0, 0, 0
L -1299, 1375, 737,  -1270, 1395, 749,  0, 0, 0
L -1270, 1395, 749,  -1228, 1413, 748,  0, 0, 0
L -1228, 1413, 748,  -1211, 1418, 762,  0, 0, 0
L -1211, 1418, 762,  -1161, 1421, 777,  0, 0, 0
L -1161, 1421, 777,  -1126, 1414, 810,  0, 0, 0
L -1126, 1414, 810,  -1093, 1403, 785,  0, 0, 0
L -1093, 1403, 785,  -1087, 1401, 781,  0, 0, 0
L -1087, 1401, 781,  -1076, 1396, 776,  0, 0, 0
L -1076, 1396, 776,  -1042, 1379, 754,  0, 0, 0
L -1042, 1379, 754,  -1015, 1359, 751,  0, 0, 0
L -1015, 1359, 751,  -990, 1320, 748,  0, 0, 0
L -990, 1320, 748,  -984, 1292, 743,  0, 0, 0
L -984, 1292, 743,  -984, 1277, 743,  0, 0, 0
L -984, 1277, 743,  -987, 1231, 751,  0, 0, 0
L -987, 1231, 751,  -997, 1201, 755,  0, 0, 0
L -997, 1201, 755,  -1021, 1164, 761,  0, 0, 0
L -1021, 1164, 761,  -1032, 1153, 769,  0, 0, 0
L -1032, 1153, 769,  -1062, 1129, 751,  0, 0, 0
L -1062, 1129, 751,  -1098, 1098, 746,  0, 0, 0
L -1098, 1098, 746,  -1137, 1071, 750,  0, 0, 0
L -1137, 1071, 750,  -1176, 1048, 767,  0, 0, 0
L -1176, 1048, 767,  -1206, 1039, 754,  0, 0, 0
L -1206, 1039, 754,  -1236, 1033, 736,  0, 0, 0
L -1236, 1033, 736,  -1258, 1033, 737,  0, 0, 0
L -1258, 1033, 737,  -1300, 1041, 751,  0, 0, 0
L -717, 1229, 891,  -717, 1229, 891,  0, 0, 0
L -717, 1229, 891,  -885, 1230, 966,  0, 0, 0
L -885, 1230, 966,  -883, 1525, 1183,  0, 0, 0
L -883, 1525, 1183,  -874, 1521, 1169,  0, 0, 0
L -874, 1521, 1169,  -870, 1494, 1061,  0, 0, 0
L -870, 1494, 1061,  -839, 1494, 1057,  0, 0, 0
L -839, 1494, 1057,  -839, 1480, 1035,  0, 0, 0
L -839, 1480, 1035,  -870, 1480, 1039,  0, 0, 0
L -870, 1480, 1039,  -870, 1384, 944,  0, 0, 0
L -870, 1384, 944,  -839, 1383, 953,  0, 0, 0
L -839, 1383, 953,  -839, 1370, 944,  0, 0, 0
L -839, 1370, 944,  -870, 1370, 944,  0, 0, 0
L -870, 1370, 944,  -870, 1244, 944,  0, 0, 0
L -870, 1244, 944,  -716, 1243, 914,  0, 0, 0
L -716, 1243, 914,  -717, 1230, 900,  0, 0, 0
L -699, 1243, 914,  -699, 1243, 914,  0, 0, 0
L -699, 1243, 914,  -669, 1243, 914,  0, 0, 0
L -669, 1243, 914,  -669, 1229, 887,  0, 0, 0
L -669, 1229, 887,  -698, 1230, 901,  0, 0, 0
L -698, 1230, 901,  -698, 1244, 914,  0, 0, 0
L -651, 1243, 914,  -651, 1243, 914,  0, 0, 0
L -651, 1243, 914,  -494, 1244, 955,  0, 0, 0
L -494, 1244, 955,  -494, 1370, 914,  0, 0, 0
L -494, 1370, 914,  -521, 1371, 914,  0, 0, 0
L -521, 1371, 914,  -520, 1384, 914,  0, 0, 0
L -520, 1384, 914,  -494, 1384, 914,  0, 0, 0
L -494, 1384, 914,  -493, 1398, 914,  0, 0, 0
L -493, 1398, 914,  -481, 1398, 901,  0, 0, 0
L -481, 1398, 901,  -481, 1231, 975,  0, 0, 0
L -481, 1231, 975,  -651, 1230, 901,  0, 0, 0
L -651, 1230, 901,  -651, 1244, 914,  0, 0, 0
L -494, 1416, 914,  -494, 1416, 914,  0, 0, 0
L -494, 1416, 914,  -481, 1415, 902,  0, 0, 0
L -481, 1415, 902,  -481, 1447, 913,  0, 0, 0
L -481, 1447, 913,  -493, 1448, 914,  0, 0, 0
L -493, 1448, 914,  -494, 1414, 914,  0, 0, 0
L -494, 1414, 914,  -481, 1416, 900,  0, 0, 0
L -481, 1465, 907,  -481, 1465, 907,  0, 0, 0
L -481, 1465, 907,  -481, 1633, 899,  0, 0, 0
L -481, 1633, 899,  -772, 1633, 1676,  0, 0, 0
L -772, 1633, 1676,  -761, 1620, 1577,  0, 0, 0
L -761, 1620, 1577,  -494, 1620, 914,  0, 0, 0
L -494, 1620, 914,  -494, 1494, 914,  0, 0, 0
L -494, 1494, 914,  -518, 1495, 914,  0, 0, 0
L -518, 1495, 914,  -510, 1480, 914,  0, 0, 0
L -510, 1480, 914,  -494, 1480, 914,  0, 0, 0
L -494, 1480, 914,  -494, 1465, 914,  0, 0, 0
L -494, 1465, 914,  -481, 1466, 903,  0, 0, 0
L -821, 1494, 1052,  -821, 1494, 1052,  0, 0, 0
L -821, 1494, 1052,  -783, 1494, 1031,  0, 0, 0
L -783, 1494, 1031,  -733, 1544, 1070,  0, 0, 0
L -733, 1544, 1070,  -631, 1543, 966,  0, 0, 0
L -631, 1543, 966,  -582, 1494, 922,  0, 0, 0
L -582, 1494, 922,  -538, 1492, 915,  0, 0, 0
L -538, 1492, 915,  -528, 1491, 915,  0, 0, 0
L -528, 1491, 915,  -538, 1482, 915,  0, 0, 0
L -538, 1482, 915,  -539, 1481, 914,  0, 0, 0
L -539, 1481, 914,  -582, 1480, 944,  0, 0, 0
L -582, 1480, 944,  -633, 1530, 949,  0, 0, 0
L -633, 1530, 949,  -732, 1530, 1025,  0, 0, 0
L -732, 1530, 1025,  -782, 1480, 1008,  0, 0, 0
L -782, 1480, 1008,  -821, 1481, 1010,  0, 0, 0
L -821, 1481, 1010,  -822, 1494, 1051,  0, 0, 0
L -682, 1442, 1007,  -682, 1442, 1007,  0, 0, 0
L -682, 1442, 1007,  -676, 1446, 1021,  0, 0, 0
L -676, 1446, 1021,  -663, 1451, 993,  0, 0, 0
L -663, 1451, 993,  -651, 1447, 1020,  0, 0, 0
L -651, 1447, 1020,  -640, 1437, 975,  0, 0, 0
L -640, 1437, 975,  -639, 1420, 1019,  0, 0, 0
L -639, 1420, 1019,  -641, 1412, 976,  0, 0, 0
L -641, 1412, 976,  -651, 1402, 992,  0, 0, 0
L -651, 1402, 992,  -663, 1400, 1020,  0, 0, 0
L -663, 1400, 1020,  -676, 1401, 1007,  0, 0, 0
L -676, 1401, 1007,  -689, 1413, 1007,  0, 0, 0
L -689, 1413, 1007,  -690, 1422, 1007,  0, 0, 0
L -690, 1422, 1007,  -687, 1438, 1007,  0, 0, 0
L -687, 1438, 1007,  -679, 1445, 1007,  0, 0, 0
L -822, 1383, 975,  -822, 1383, 975,  0, 0, 0
L -822, 1383, 975,  -783, 1384, 982,  0, 0, 0
L -783, 1384, 982,  -733, 1335, 968,  0, 0, 0
L -733, 1335, 968,  -633, 1334, 935,  0, 0, 0
L -633, 1334, 935,  -583, 1384, 944,  0, 0, 0
L -583, 1384, 944,  -539, 1384, 914,  0, 0, 0
L -539, 1384, 914,  -539, 1369, 914,  0, 0, 0
L -539, 1369, 914,  -582, 1370, 929,  0, 0, 0
L -582, 1370, 929,  -631, 1321, 915,  0, 0, 0
L -631, 1321, 915,  -732, 1320, 945,  0, 0, 0
L -732, 1320, 945,  -782, 1369, 975,  0, 0, 0
L -782, 1369, 975,  -821, 1371, 961,  0, 0, 0
L -821, 1371, 961,  -821, 1384, 975,  0, 0, 0
L -558, 1317, 914,  -558, 1317, 914,  0, 0, 0
L -558, 1317, 914,  -547, 1312, 914,  0, 0, 0
L -547, 1312, 914,  -537, 1303, 914,  0, 0, 0
L -537, 1303, 914,  -535, 1288, 914,  0, 0, 0
L -535, 1288, 914,  -538, 1274, 914,  0, 0, 0
L -538, 1274, 914,  -553, 1264, 914,  0, 0, 0
L -553, 1264, 914,  -563, 1263, 914,  0, 0, 0
L -563, 1263, 914,  -575, 1266, 914,  0, 0, 0
L -575, 1266, 914,  -587, 1279, 914,  0, 0, 0
L -587, 1279, 914,  -590, 1294, 914,  0, 0, 0
L -590, 1294, 914,  -585, 1305, 914,  0, 0, 0
L -585, 1305, 914,  -572, 1314, 914,  0, 0, 0
L -572, 1314, 914,  -561, 1316, 915,  0, 0, 0
L -818, 1267, 914,  -818, 1267, 914,  0, 0, 0
L -818, 1267, 914,  -827, 1260, 922,  0, 0, 0
L -827, 1260, 922,  -841, 1256, 944,  0, 0, 0
L -841, 1256, 944,  -854, 1260, 943,  0, 0, 0
L -854, 1260, 943,  -864, 1271, 927,  0, 0, 0
L -864, 1271, 927,  -867, 1283, 914,  0, 0, 0
L -867, 1283, 914,  -863, 1297, 914,  0, 0, 0
L -863, 1297, 914,  -854, 1306, 914,  0, 0, 0
L -854, 1306, 914,  -840, 1309, 914,  0, 0, 0
L -840, 1309, 914,  -827, 1307, 914,  0, 0, 0
L -827, 1307, 914,  -817, 1295, 914,  0, 0, 0
L -817, 1295, 914,  -814, 1283, 914,  0, 0, 0
L -814, 1283, 914,  -816, 1269, 914,  0, 0, 0
L -816, 1269, 914,  -826, 1260, 922,  0, 0, 0
L 1299, 165, 936,  1299, 165, 936,  0, 0, 0
L 1299, 165, 936,  1349, 267, 891,  0, 0, 0
L 1349, 267, 891,  1256, 312, 907,  0, 0, 0
L 1256, 312, 907,  1222, 246, 970,  0, 0, 0
L 1222, 246, 970,  1237, 241, 971,  0, 0, 0
L 1237, 241, 971,  1261, 292, 971,  0, 0, 0
L 1261, 292, 971,  1330, 260, 976,  0, 0, 0
L 1330, 260, 976,  1292, 183, 971,  0, 0, 0
L 1292, 183, 971,  1282, 186, 971,  0, 0, 0
L 1282, 186, 971,  1277, 175, 971,  0, 0, 0
L 1277, 175, 971,  1300, 167, 936,  0, 0, 0
L 1261, 182, 971,  1261, 182, 971,  0, 0, 0
L 1261, 182, 971,  1204, 212, 966,  0, 0, 0
L 1204, 212, 966,  1215, 231, 967,  0, 0, 0
L 1215, 231, 967,  1227, 225, 971,  0, 0, 0
L 1227, 225, 971,  1223, 217, 971,  0, 0, 0
L 1223, 217, 971,  1267, 195, 971,  0, 0, 0
L 1267, 195, 971,  1261, 183, 971,  0, 0, 0
L 1131, 139, 986,  1131, 139, 986,  0, 0, 0
L 1131, 139, 986,  1136, 76, 924,  0, 0, 0
L 1136, 76, 924,  1134, 33, 1077,  0, 0, 0
L 1134, 33, 1077,  1023, 25, 1070,  0, 0, 0
L 1023, 25, 1070,  1021, 50, 1093,  0, 0, 0
L 1021, 50, 1093,  1034, 49, 1093,  0, 0, 0
L 1034, 49, 1093,  1034, 41, 1093,  0, 0, 0
L 1034, 41, 1093,  1120, 47, 1093,  0, 0, 0
L 1120, 47, 1093,  1115, 123, 1093,  0, 0, 0
L 1115, 123, 1093,  1096, 122, 1093,  0, 0, 0
L 1096, 122, 1093,  1056, 119, 1093,  0, 0, 0
L 1056, 119, 1093,  1055, 133, 1079,  0, 0, 0
L 1055, 133, 1079,  1130, 138, 985,  0, 0, 0
L 1038, 132, 1078,  1038, 132, 1078,  0, 0, 0
L 1038, 132, 1078,  1038, 118, 1093,  0, 0, 0
L 1038, 118, 1093,  1029, 117, 1093,  0, 0, 0
L 1029, 117, 1093,  1032, 68, 1093,  0, 0, 0
L 1032, 68, 1093,  1019, 68, 1093,  0, 0, 0
L 1019, 68, 1093,  1015, 129, 1090,  0, 0, 0
L 1015, 129, 1090,  1038, 130, 1085,  0, 0, 0
L 978, 126, 1089,  978, 126, 1089,  0, 0, 0
L 978, 126, 1089,  979, 114, 1093,  0, 0, 0
L 979, 114, 1093,  966, 112, 1078,  0, 0, 0
L 966, 112, 1078,  964, 124, 1099,  0, 0, 0
L 964, 124, 1099,  978, 125, 1091,  0, 0, 0
L 983, 37, 1093,  983, 37, 1093,  0, 0, 0
L 983, 37, 1093,  983, 21, 1092,  0, 0, 0
L 983, 21, 1092,  973, 23, 1097,  0, 0, 0
L 973, 23, 1097,  971, 36, 1076,  0, 0, 0
L 971, 36, 1076,  984, 37, 1093,  0, 0, 0
L 1189, 178, 957,  1189, 178, 957,  0, 0, 0
L 1189, 178, 957,  1200, 172, 971,  0, 0, 0
L 1200, 172, 971,  1194, 161, 928,  0, 0, 0
L 1194, 161, 928,  1183, 166, 947,  0, 0, 0
L 1183, 166, 947,  1188, 178, 957,  0, 0, 0
L 1269, 137, 971,  1269, 137, 971,  0, 0, 0
L 1269, 137, 971,  1280, 132, 970,  0, 0, 0
L 1280, 132, 970,  1275, 120, 971,  0, 0, 0
L 1275, 120, 971,  1263, 126, 960,  0, 0, 0
L 1263, 126, 960,  1269, 137, 971,  0, 0, 0
P 150, -1900, 0, 0, 0, 0, 2, Netherbian Lair
P -2100, 0, 0, 0, 0, 0, 2, Sanctus Seru
P 850, 1800, 0, 0, 0, 0, 2, Grieg's End
P 1800, 800, 0, 0, 0, 0, 2, Maiden's Eye
P -1392, 858, 0, 0, 0, 0, 2, Smugglers Camp
P -609, -1298, 0, 0, 0, 0, 2, Smugglers Camp
P 230, 1013, 0, 0, 0, 0, 2, Smugglers Camp
P 1273, 97, 0, 0, 0, 0, 2, Circle of Adventurers
P 1461, -695, 0, 0, 0, 0, 2, Mushroom Ring
P 1330, -1458, 0, 0, 0, 0, 2, Smugglers Camp
P 1501, 660, 0, 0, 0, 0, 2, Tribal Camp
