L 1133, 2343, -3086,  1133, 2343, -3086,  0, 0, 0
L 1133, 2343, -3086,  1084, 2340, -3086,  0, 0, 0
L 1084, 2340, -3086,  1036, 2320, -3086,  0, 0, 0
L 1036, 2320, -3086,  1032, 2205, -3086,  0, 0, 0
L 1032, 2205, -3086,  988, 2111, -3086,  0, 0, 0
L 988, 2111, -3086,  988, 2030, -3086,  0, 0, 0
L 988, 2030, -3086,  985, 2024, -3059,  0, 0, 0
L 985, 2024, -3059,  988, 2014, -3083,  0, 0, 0
L 988, 2014, -3083,  983, 2002, -3059,  0, 0, 0
L 983, 2002, -3059,  969, 1992, -3032,  0, 0, 0
L 969, 1992, -3032,  963, 1999, -2982,  0, 0, 0
L 963, 1999, -2982,  960, 1988, -2978,  0, 0, 0
L 960, 1988, -2978,  951, 1988, -2853,  0, 0, 0
L 951, 1988, -2853,  949, 1983, -2869,  0, 0, 0
L 949, 1983, -2869,  930, 1944, -2784,  0, 0, 0
L 930, 1944, -2784,  909, 1898, -2591,  0, 0, 0
L 909, 1898, -2591,  875, 1839, -2652,  0, 0, 0
L 875, 1839, -2652,  840, 1777, -2586,  0, 0, 0
L 840, 1777, -2586,  827, 1706, -2459,  0, 0, 0
L 827, 1706, -2459,  859, 1706, -2832,  0, 0, 0
L 899, 1706, -2846,  899, 1706, -2846,  0, 0, 0
L 899, 1706, -2846,  950, 1705, -2722,  0, 0, 0
L 950, 1705, -2722,  941, 1774, -2589,  0, 0, 0
L 941, 1774, -2589,  978, 1838, -2523,  0, 0, 0
L 978, 1838, -2523,  1010, 1897, -2591,  0, 0, 0
L 1010, 1897, -2591,  1026, 1956, -2650,  0, 0, 0
L 1026, 1956, -2650,  1049, 2013, -2827,  0, 0, 0
L 1049, 2013, -2827,  1041, 2013, -3055,  0, 0, 0
L 1041, 2013, -3055,  1031, 2027, -3086,  0, 0, 0
L 1031, 2027, -3086,  1027, 2042, -3086,  0, 0, 0
L 1027, 2042, -3086,  1026, 2099, -3086,  0, 0, 0
L 1026, 2099, -3086,  1018, 2108, -3086,  0, 0, 0
L 1018, 2108, -3086,  1017, 2125, -3060,  0, 0, 0
L 1017, 2125, -3060,  1024, 2141, -3086,  0, 0, 0
L 1024, 2141, -3086,  1037, 2148, -3086,  0, 0, 0
L 1037, 2148, -3086,  1037, 2152, -3086,  0, 0, 0
L 1037, 2152, -3086,  1039, 2161, -3086,  0, 0, 0
L 1039, 2161, -3086,  1047, 2176, -3086,  0, 0, 0
L 1047, 2176, -3086,  1060, 2183, -3086,  0, 0, 0
L 1060, 2183, -3086,  1070, 2205, -3086,  0, 0, 0
L 1070, 2205, -3086,  1071, 2279, -3086,  0, 0, 0
L 1071, 2279, -3086,  1081, 2298, -3086,  0, 0, 0
L 1081, 2298, -3086,  1092, 2305, -3086,  0, 0, 0
L 1092, 2305, -3086,  1124, 2310, -3086,  0, 0, 0
L 1124, 2310, -3086,  1143, 2311, -3086,  0, 0, 0
L 1146, 2343, -3086,  1146, 2343, -3086,  0, 0, 0
L 1146, 2343, -3086,  1085, 2340, -3086,  0, 0, 0
L 779, 1370, -2523,  779, 1370, -2523,  0, 0, 0
L 779, 1370, -2523,  860, 1370, -2827,  0, 0, 0
L 860, 1370, -2827,  882, 1370, -2846,  0, 0, 0
L 882, 1370, -2846,  883, 1353, -2838,  0, 0, 0
L 883, 1353, -2838,  877, 1352, -2844,  0, 0, 0
L 877, 1352, -2844,  874, 1352, -2726,  0, 0, 0
L 874, 1352, -2726,  782, 1352, -2529,  0, 0, 0
L 1041, 1370, -2530,  1041, 1370, -2530,  0, 0, 0
L 1041, 1370, -2530,  1023, 1369, -2803,  0, 0, 0
L 1023, 1369, -2803,  921, 1369, -2822,  0, 0, 0
L 921, 1369, -2822,  924, 1351, -2813,  0, 0, 0
L 924, 1351, -2813,  1015, 1351, -2846,  0, 0, 0
L 1015, 1351, -2846,  1041, 1351, -2553,  0, 0, 0
L 781, 1104, -2565,  781, 1104, -2565,  0, 0, 0
L 781, 1104, -2565,  782, 1128, -2838,  0, 0, 0
L 782, 1128, -2838,  782, 1180, -2846,  0, 0, 0
L 782, 1180, -2846,  764, 1179, -2846,  0, 0, 0
L 764, 1179, -2846,  764, 1133, -2830,  0, 0, 0
L 764, 1133, -2830,  764, 1110, -2516,  0, 0, 0
L 781, 1321, -2580,  781, 1321, -2580,  0, 0, 0
L 781, 1321, -2580,  781, 1309, -2726,  0, 0, 0
L 781, 1309, -2726,  784, 1286, -2726,  0, 0, 0
L 784, 1286, -2726,  784, 1263, -2831,  0, 0, 0
L 784, 1263, -2831,  781, 1218, -2846,  0, 0, 0
L 781, 1218, -2846,  764, 1219, -2846,  0, 0, 0
L 764, 1219, -2846,  764, 1298, -2814,  0, 0, 0
L 764, 1298, -2814,  765, 1315, -2612,  0, 0, 0
L 433, 925, -2614,  433, 925, -2614,  0, 0, 0
L 433, 925, -2614,  446, 926, -2771,  0, 0, 0
L 446, 926, -2771,  482, 927, -2836,  0, 0, 0
L 482, 927, -2836,  484, 925, -2840,  0, 0, 0
L 484, 925, -2840,  482, 908, -2841,  0, 0, 0
L 482, 908, -2841,  454, 908, -2833,  0, 0, 0
L 454, 908, -2833,  433, 908, -2594,  0, 0, 0
L 629, 926, -2628,  629, 926, -2628,  0, 0, 0
L 629, 926, -2628,  616, 926, -2777,  0, 0, 0
L 616, 926, -2777,  550, 926, -2779,  0, 0, 0
L 550, 926, -2779,  525, 926, -2846,  0, 0, 0
L 525, 926, -2846,  523, 908, -2846,  0, 0, 0
L 523, 908, -2846,  609, 907, -2665,  0, 0, 0
L 609, 907, -2665,  610, 908, -2652,  0, 0, 0
L 611, 908, -2651,  611, 908, -2651,  0, 0, 0
L 611, 908, -2651,  577, 874, -2592,  0, 0, 0
L 577, 874, -2592,  545, 816, -2533,  0, 0, 0
L 545, 816, -2533,  545, 816, -2533,  0, 0, 0
L 545, 816, -2533,  522, 778, -2599,  0, 0, 0
L 522, 778, -2599,  478, 726, -2529,  0, 0, 0
L 478, 726, -2529,  426, 662, -2425,  0, 0, 0
L 426, 662, -2425,  411, 625, -2407,  0, 0, 0
L 411, 625, -2407,  392, 588, -2351,  0, 0, 0
L 392, 588, -2351,  403, 531, -2401,  0, 0, 0
L 403, 531, -2401,  410, 486, -2361,  0, 0, 0
L 410, 486, -2361,  417, 437, -2293,  0, 0, 0
L 417, 437, -2293,  412, 419, -2199,  0, 0, 0
L 412, 419, -2199,  409, 403, -2205,  0, 0, 0
L 409, 403, -2205,  426, 391, -2235,  0, 0, 0
L 426, 391, -2235,  426, 391, -2235,  0, 0, 0
L 426, 391, -2235,  461, 393, -2239,  0, 0, 0
L 433, 909, -2603,  433, 909, -2603,  0, 0, 0
L 433, 909, -2603,  428, 837, -2519,  0, 0, 0
L 428, 837, -2519,  423, 780, -2592,  0, 0, 0
L 423, 780, -2592,  388, 731, -2416,  0, 0, 0
L 388, 731, -2416,  337, 681, -2342,  0, 0, 0
L 337, 681, -2342,  322, 635, -2288,  0, 0, 0
L 322, 635, -2288,  292, 591, -2347,  0, 0, 0
L 292, 591, -2347,  300, 531, -2290,  0, 0, 0
L 300, 531, -2290,  316, 444, -2432,  0, 0, 0
L 316, 444, -2432,  320, 393, -2349,  0, 0, 0
L 320, 393, -2349,  285, 392, -2368,  0, 0, 0
L 285, 392, -2368,  227, 390, -2373,  0, 0, 0
L 227, 390, -2373,  104, 392, -2243,  0, 0, 0
L 629, 926, -2628,  629, 926, -2628,  0, 0, 0
L 629, 926, -2628,  650, 952, -2587,  0, 0, 0
L 650, 952, -2587,  649, 959, -2603,  0, 0, 0
L 649, 959, -2603,  650, 1027, -2632,  0, 0, 0
L 650, 1027, -2632,  651, 1041, -2574,  0, 0, 0
L 651, 1041, -2574,  676, 1088, -2560,  0, 0, 0
L 676, 1088, -2560,  698, 1126, -2582,  0, 0, 0
L 698, 1126, -2582,  723, 1122, -2505,  0, 0, 0
L 723, 1122, -2505,  749, 1116, -2471,  0, 0, 0
L 749, 1116, -2471,  763, 1112, -2536,  0, 0, 0
L 782, 1104, -2567,  782, 1104, -2567,  0, 0, 0
L 782, 1104, -2567,  792, 1100, -2585,  0, 0, 0
L 792, 1100, -2585,  834, 1102, -2718,  0, 0, 0
L 834, 1102, -2718,  846, 1101, -2754,  0, 0, 0
L 846, 1101, -2754,  910, 1099, -2689,  0, 0, 0
L 910, 1099, -2689,  967, 1115, -2542,  0, 0, 0
L 967, 1115, -2542,  1017, 1128, -2683,  0, 0, 0
L 1017, 1128, -2683,  1017, 1172, -2826,  0, 0, 0
L 1017, 1172, -2826,  1017, 1221, -2692,  0, 0, 0
L 1017, 1221, -2692,  1034, 1290, -2695,  0, 0, 0
L 1034, 1290, -2695,  1041, 1326, -2566,  0, 0, 0
L 1041, 1326, -2566,  1041, 1352, -2541,  0, 0, 0
L 1041, 1370, -2536,  1041, 1370, -2536,  0, 0, 0
L 1041, 1370, -2536,  1039, 1464, -2583,  0, 0, 0
L 1039, 1464, -2583,  1001, 1531, -2720,  0, 0, 0
L 1001, 1531, -2720,  966, 1604, -2593,  0, 0, 0
L 966, 1604, -2593,  950, 1689, -2723,  0, 0, 0
L 950, 1689, -2723,  937, 1688, -2794,  0, 0, 0
L 937, 1688, -2794,  936, 1643, -2844,  0, 0, 0
L 936, 1643, -2844,  901, 1643, -2846,  0, 0, 0
L 901, 1643, -2846,  900, 1650, -2846,  0, 0, 0
L 899, 1665, -2846,  899, 1665, -2846,  0, 0, 0
L 899, 1665, -2846,  900, 1671, -2846,  0, 0, 0
L 900, 1671, -2846,  906, 1670, -2838,  0, 0, 0
L 906, 1670, -2838,  906, 1663, -2845,  0, 0, 0
L 900, 1679, -2846,  900, 1679, -2846,  0, 0, 0
L 900, 1679, -2846,  899, 1688, -2846,  0, 0, 0
L 899, 1688, -2846,  899, 1706, -2846,  0, 0, 0
L 899, 1706, -2846,  949, 1706, -2724,  0, 0, 0
L 824, 1688, -2500,  824, 1688, -2500,  0, 0, 0
L 824, 1688, -2500,  860, 1688, -2858,  0, 0, 0
L 860, 1688, -2858,  860, 1705, -2844,  0, 0, 0
L 823, 1688, -2490,  823, 1688, -2490,  0, 0, 0
L 823, 1688, -2490,  811, 1634, -2595,  0, 0, 0
L 811, 1634, -2595,  787, 1595, -2702,  0, 0, 0
L 787, 1595, -2702,  748, 1540, -2608,  0, 0, 0
L 748, 1540, -2608,  754, 1487, -2475,  0, 0, 0
L 754, 1487, -2475,  759, 1431, -2592,  0, 0, 0
L 759, 1431, -2592,  772, 1382, -2445,  0, 0, 0
L 772, 1382, -2445,  778, 1369, -2489,  0, 0, 0
L 781, 1352, -2511,  781, 1352, -2511,  0, 0, 0
L 781, 1352, -2511,  788, 1326, -2583,  0, 0, 0
L 788, 1326, -2583,  781, 1321, -2583,  0, 0, 0
L 765, 1315, -2612,  765, 1315, -2612,  0, 0, 0
L 765, 1315, -2612,  721, 1295, -2741,  0, 0, 0
L 721, 1295, -2741,  663, 1281, -2596,  0, 0, 0
L 663, 1281, -2596,  605, 1270, -2460,  0, 0, 0
L 605, 1270, -2460,  550, 1261, -2584,  0, 0, 0
L 550, 1261, -2584,  504, 1229, -2727,  0, 0, 0
L 504, 1229, -2727,  454, 1201, -2596,  0, 0, 0
L 454, 1201, -2596,  442, 1201, -2629,  0, 0, 0
L 442, 1201, -2629,  453, 1181, -2824,  0, 0, 0
L 453, 1181, -2824,  448, 1170, -2816,  0, 0, 0
L 448, 1170, -2816,  456, 1164, -2802,  0, 0, 0
L 456, 1164, -2802,  457, 1149, -2835,  0, 0, 0
L 457, 1149, -2835,  447, 1142, -2848,  0, 0, 0
L 447, 1142, -2848,  425, 1153, -2809,  0, 0, 0
L 425, 1153, -2809,  425, 1153, -2808,  0, 0, 0
L 425, 1153, -2808,  421, 1153, -2818,  0, 0, 0
L 421, 1153, -2818,  404, 1161, -2610,  0, 0, 0
L 404, 1161, -2610,  406, 1145, -2577,  0, 0, 0
L 406, 1145, -2577,  420, 1097, -2449,  0, 0, 0
L 420, 1097, -2449,  437, 1045, -2629,  0, 0, 0
L 437, 1045, -2629,  436, 970, -2672,  0, 0, 0
L 436, 970, -2672,  433, 925, -2613,  0, 0, 0
L 406, 1162, -2642,  406, 1162, -2642,  0, 0, 0
L 406, 1162, -2642,  408, 1174, -2527,  0, 0, 0
L 408, 1174, -2527,  410, 1182, -2514,  0, 0, 0
L 410, 1182, -2514,  408, 1195, -2520,  0, 0, 0
L 408, 1195, -2520,  419, 1188, -2499,  0, 0, 0
L 419, 1188, -2499,  434, 1196, -2582,  0, 0, 0
L 434, 1196, -2582,  434, 1196, -2582,  0, 0, 0
L 434, 1196, -2582,  445, 1203, -2607,  0, 0, 0
L 445, 1203, -2607,  445, 1203, -2607,  0, 0, 0
L 445, 1203, -2607,  454, 1202, -2583,  0, 0, 0
L 448, 1171, -2843,  448, 1171, -2843,  0, 0, 0
L 448, 1171, -2843,  436, 1165, -2695,  0, 0, 0
L 436, 1165, -2695,  431, 1161, -2683,  0, 0, 0
L 431, 1161, -2683,  426, 1154, -2784,  0, 0, 0
L 466, 1150, -2846,  466, 1150, -2846,  0, 0, 0
L 466, 1150, -2846,  480, 1150, -2846,  0, 0, 0
L 480, 1150, -2846,  485, 1159, -2846,  0, 0, 0
L 485, 1159, -2846,  481, 1170, -2835,  0, 0, 0
L 481, 1170, -2835,  474, 1174, -2838,  0, 0, 0
L 474, 1174, -2838,  465, 1168, -2842,  0, 0, 0
L 465, 1168, -2842,  462, 1158, -2843,  0, 0, 0
L 462, 1158, -2843,  467, 1151, -2846,  0, 0, 0
L 548, 937, -2846,  548, 937, -2846,  0, 0, 0
L 548, 937, -2846,  548, 1047, -2844,  0, 0, 0
L 548, 1047, -2844,  635, 1046, -2822,  0, 0, 0
L 635, 1025, -2786,  635, 1025, -2786,  0, 0, 0
L 635, 1025, -2786,  578, 1027, -2786,  0, 0, 0
L 578, 1027, -2786,  578, 977, -2786,  0, 0, 0
L 578, 977, -2786,  586, 976, -2786,  0, 0, 0
L 586, 976, -2786,  586, 994, -2786,  0, 0, 0
L 586, 994, -2786,  587, 1018, -2786,  0, 0, 0
L 587, 1018, -2786,  626, 1018, -2786,  0, 0, 0
L 626, 1018, -2786,  626, 957, -2786,  0, 0, 0
L 626, 957, -2786,  586, 959, -2776,  0, 0, 0
L 586, 959, -2776,  587, 966, -2786,  0, 0, 0
L 587, 966, -2786,  579, 966, -2786,  0, 0, 0
L 579, 966, -2786,  578, 949, -2786,  0, 0, 0
L 578, 949, -2786,  635, 949, -2786,  0, 0, 0
L 635, 949, -2786,  635, 1025, -2786,  0, 0, 0
L 538, 936, -2846,  538, 936, -2846,  0, 0, 0
L 538, 936, -2846,  548, 937, -2846,  0, 0, 0
L 446, 926, -2771,  446, 926, -2771,  0, 0, 0
L 446, 926, -2771,  447, 970, -2761,  0, 0, 0
L 447, 970, -2761,  482, 970, -2831,  0, 0, 0
L 482, 970, -2831,  483, 960, -2836,  0, 0, 0
L 483, 960, -2836,  476, 960, -2827,  0, 0, 0
L 476, 960, -2827,  477, 964, -2826,  0, 0, 0
L 477, 964, -2826,  452, 964, -2798,  0, 0, 0
L 452, 964, -2798,  452, 927, -2816,  0, 0, 0
L 452, 927, -2816,  477, 927, -2836,  0, 0, 0
L 477, 927, -2836,  477, 933, -2834,  0, 0, 0
L 477, 933, -2834,  483, 932, -2836,  0, 0, 0
L 483, 932, -2836,  484, 922, -2840,  0, 0, 0
L 482, 941, -2832,  482, 941, -2832,  0, 0, 0
L 482, 941, -2832,  477, 941, -2832,  0, 0, 0
L 477, 941, -2832,  477, 951, -2829,  0, 0, 0
L 477, 951, -2829,  483, 950, -2835,  0, 0, 0
L 483, 950, -2835,  482, 941, -2832,  0, 0, 0
L 498, 1113, -2834,  498, 1113, -2834,  0, 0, 0
L 498, 1113, -2834,  499, 1214, -2791,  0, 0, 0
L 498, 1113, -2834,  498, 1113, -2834,  0, 0, 0
L 498, 1113, -2834,  607, 1113, -2846,  0, 0, 0
L 607, 1113, -2846,  605, 1149, -2779,  0, 0, 0
L 615, 1135, -2846,  615, 1135, -2846,  0, 0, 0
L 615, 1135, -2846,  617, 1148, -2839,  0, 0, 0
L 617, 1148, -2839,  649, 1149, -2849,  0, 0, 0
L 649, 1149, -2849,  648, 1262, -2801,  0, 0, 0
L 616, 1177, -2786,  616, 1177, -2786,  0, 0, 0
L 616, 1177, -2786,  633, 1176, -2786,  0, 0, 0
L 633, 1176, -2786,  633, 1233, -2786,  0, 0, 0
L 633, 1233, -2786,  511, 1233, -2703,  0, 0, 0
L 511, 1233, -2703,  512, 1176, -2786,  0, 0, 0
L 512, 1176, -2786,  533, 1178, -2786,  0, 0, 0
L 533, 1178, -2786,  534, 1131, -2786,  0, 0, 0
L 534, 1131, -2786,  592, 1130, -2786,  0, 0, 0
L 592, 1130, -2786,  591, 1178, -2786,  0, 0, 0
L 591, 1178, -2786,  606, 1177, -2786,  0, 0, 0
L 606, 1177, -2786,  607, 1185, -2786,  0, 0, 0
L 607, 1185, -2786,  583, 1186, -2786,  0, 0, 0
L 583, 1186, -2786,  581, 1138, -2786,  0, 0, 0
L 581, 1138, -2786,  542, 1139, -2786,  0, 0, 0
L 542, 1139, -2786,  543, 1184, -2786,  0, 0, 0
L 543, 1184, -2786,  521, 1184, -2786,  0, 0, 0
L 521, 1184, -2786,  520, 1224, -2786,  0, 0, 0
L 520, 1224, -2786,  626, 1224, -2786,  0, 0, 0
L 626, 1224, -2786,  624, 1184, -2786,  0, 0, 0
L 624, 1184, -2786,  617, 1185, -2786,  0, 0, 0
L 617, 1185, -2786,  616, 1177, -2786,  0, 0, 0
L 694, 1168, -2851,  694, 1168, -2851,  0, 0, 0
L 694, 1168, -2851,  691, 1162, -2844,  0, 0, 0
L 691, 1162, -2844,  686, 1162, -2844,  0, 0, 0
L 686, 1162, -2844,  684, 1166, -2854,  0, 0, 0
L 684, 1166, -2854,  687, 1170, -2855,  0, 0, 0
L 687, 1170, -2855,  692, 1169, -2852,  0, 0, 0
L 692, 1169, -2852,  693, 1166, -2851,  0, 0, 0
L 699, 1163, -2846,  699, 1163, -2846,  0, 0, 0
L 699, 1163, -2846,  705, 1157, -2841,  0, 0, 0
L 705, 1157, -2841,  706, 1148, -2827,  0, 0, 0
L 706, 1148, -2827,  696, 1143, -2778,  0, 0, 0
L 696, 1143, -2778,  690, 1146, -2785,  0, 0, 0
L 690, 1146, -2785,  685, 1153, -2819,  0, 0, 0
L 685, 1153, -2819,  689, 1161, -2830,  0, 0, 0
L 689, 1161, -2830,  697, 1163, -2846,  0, 0, 0
L 697, 1163, -2846,  699, 1162, -2844,  0, 0, 0
L 841, 1147, -2877,  841, 1147, -2877,  0, 0, 0
L 841, 1147, -2877,  824, 1152, -2879,  0, 0, 0
L 824, 1152, -2879,  854, 1231, -2877,  0, 0, 0
L 854, 1231, -2877,  859, 1230, -2883,  0, 0, 0
L 859, 1230, -2883,  866, 1235, -2877,  0, 0, 0
L 866, 1235, -2877,  870, 1240, -2877,  0, 0, 0
L 870, 1240, -2877,  896, 1243, -2878,  0, 0, 0
L 896, 1243, -2878,  940, 1294, -2875,  0, 0, 0
L 940, 1294, -2875,  969, 1296, -2863,  0, 0, 0
L 969, 1296, -2863,  983, 1292, -2877,  0, 0, 0
L 983, 1292, -2877,  985, 1285, -2876,  0, 0, 0
L 985, 1285, -2876,  991, 1285, -2876,  0, 0, 0
L 991, 1285, -2876,  998, 1292, -2873,  0, 0, 0
L 998, 1292, -2873,  1000, 1295, -2872,  0, 0, 0
L 1000, 1295, -2872,  1014, 1294, -2857,  0, 0, 0
L 1014, 1294, -2857,  1005, 1271, -2873,  0, 0, 0
L 1005, 1271, -2873,  1011, 1260, -2856,  0, 0, 0
L 1011, 1260, -2856,  1008, 1224, -2828,  0, 0, 0
L 1008, 1224, -2828,  1010, 1193, -2876,  0, 0, 0
L 1010, 1193, -2876,  1009, 1160, -2845,  0, 0, 0
L 1009, 1160, -2845,  1004, 1141, -2868,  0, 0, 0
L 1004, 1141, -2868,  996, 1139, -2889,  0, 0, 0
L 996, 1139, -2889,  977, 1137, -2875,  0, 0, 0
L 977, 1137, -2875,  966, 1137, -2872,  0, 0, 0
L 966, 1137, -2872,  954, 1131, -2877,  0, 0, 0
L 954, 1131, -2877,  943, 1125, -2874,  0, 0, 0
L 943, 1125, -2874,  914, 1112, -2870,  0, 0, 0
L 914, 1112, -2870,  893, 1109, -2864,  0, 0, 0
L 893, 1109, -2864,  866, 1116, -2871,  0, 0, 0
L 866, 1116, -2871,  851, 1122, -2870,  0, 0, 0
L 851, 1122, -2870,  831, 1124, -2875,  0, 0, 0
L 831, 1124, -2875,  833, 1133, -2888,  0, 0, 0
L 833, 1133, -2888,  840, 1143, -2874,  0, 0, 0
L 840, 1143, -2874,  842, 1148, -2884,  0, 0, 0
L 978, 1311, -2815,  978, 1311, -2815,  0, 0, 0
L 978, 1311, -2815,  979, 1285, -2786,  0, 0, 0
L 979, 1285, -2786,  979, 1246, -2757,  0, 0, 0
L 979, 1246, -2757,  901, 1244, -2756,  0, 0, 0
L 901, 1244, -2756,  902, 1118, -2756,  0, 0, 0
L 902, 1118, -2756,  935, 1118, -2786,  0, 0, 0
L 935, 1118, -2786,  965, 1128, -2782,  0, 0, 0
L 965, 1128, -2782,  1004, 1132, -2749,  0, 0, 0
L 1004, 1132, -2749,  1005, 1246, -2758,  0, 0, 0
L 1005, 1246, -2758,  1000, 1246, -2758,  0, 0, 0
L 1000, 1246, -2758,  1000, 1293, -2756,  0, 0, 0
L 1000, 1293, -2756,  1002, 1312, -2851,  0, 0, 0
L 954, 1230, -2786,  954, 1230, -2786,  0, 0, 0
L 954, 1230, -2786,  1004, 1230, -2786,  0, 0, 0
L 1004, 1230, -2786,  1003, 1131, -2737,  0, 0, 0
L 1003, 1131, -2737,  926, 1131, -2786,  0, 0, 0
L 926, 1131, -2786,  926, 1148, -2786,  0, 0, 0
L 926, 1148, -2786,  935, 1147, -2786,  0, 0, 0
L 935, 1147, -2786,  935, 1139, -2786,  0, 0, 0
L 935, 1139, -2786,  995, 1140, -2786,  0, 0, 0
L 995, 1140, -2786,  996, 1221, -2786,  0, 0, 0
L 996, 1221, -2786,  953, 1222, -2786,  0, 0, 0
L 953, 1222, -2786,  953, 1230, -2786,  0, 0, 0
L 942, 1230, -2786,  942, 1230, -2786,  0, 0, 0
L 942, 1230, -2786,  942, 1222, -2786,  0, 0, 0
L 942, 1222, -2786,  935, 1222, -2786,  0, 0, 0
L 935, 1222, -2786,  934, 1158, -2786,  0, 0, 0
L 934, 1158, -2786,  926, 1159, -2786,  0, 0, 0
L 926, 1159, -2786,  926, 1230, -2786,  0, 0, 0
L 926, 1230, -2786,  942, 1230, -2786,  0, 0, 0
L 972, 1181, -2787,  972, 1181, -2787,  0, 0, 0
L 972, 1181, -2787,  973, 1143, -2786,  0, 0, 0
L 973, 1143, -2786,  994, 1144, -2786,  0, 0, 0
L 994, 1144, -2786,  995, 1182, -2786,  0, 0, 0
L 995, 1182, -2786,  970, 1180, -2786,  0, 0, 0
L 796, 1260, -2846,  796, 1260, -2846,  0, 0, 0
L 796, 1260, -2846,  796, 1281, -2853,  0, 0, 0
L 796, 1281, -2853,  868, 1280, -2846,  0, 0, 0
L 868, 1280, -2846,  878, 1289, -2846,  0, 0, 0
L 878, 1289, -2846,  877, 1352, -2842,  0, 0, 0
L 877, 1352, -2842,  883, 1353, -2838,  0, 0, 0
L 883, 1353, -2838,  882, 1371, -2846,  0, 0, 0
L 882, 1371, -2846,  863, 1370, -2846,  0, 0, 0
L 863, 1370, -2846,  860, 1447, -2834,  0, 0, 0
L 860, 1447, -2834,  869, 1450, -2831,  0, 0, 0
L 870, 1460, -2827,  870, 1460, -2827,  0, 0, 0
L 870, 1460, -2827,  860, 1462, -2814,  0, 0, 0
L 860, 1462, -2814,  860, 1501, -2823,  0, 0, 0
L 860, 1501, -2823,  772, 1501, -2778,  0, 0, 0
L 840, 1448, -2779,  840, 1448, -2779,  0, 0, 0
L 840, 1448, -2779,  838, 1398, -2779,  0, 0, 0
L 838, 1398, -2779,  784, 1399, -2747,  0, 0, 0
L 784, 1399, -2747,  785, 1477, -2779,  0, 0, 0
L 785, 1477, -2779,  841, 1476, -2779,  0, 0, 0
L 841, 1476, -2779,  840, 1460, -2779,  0, 0, 0
L 840, 1460, -2779,  831, 1459, -2779,  0, 0, 0
L 831, 1459, -2779,  832, 1468, -2779,  0, 0, 0
L 832, 1468, -2779,  821, 1469, -2779,  0, 0, 0
L 821, 1469, -2779,  799, 1469, -2584,  0, 0, 0
L 799, 1469, -2584,  793, 1469, -2584,  0, 0, 0
L 793, 1469, -2584,  793, 1406, -2584,  0, 0, 0
L 793, 1406, -2584,  831, 1406, -2584,  0, 0, 0
L 831, 1406, -2584,  833, 1460, -2577,  0, 0, 0
L 833, 1460, -2577,  798, 1458, -2584,  0, 0, 0
L 798, 1458, -2584,  821, 1459, -2779,  0, 0, 0
L 821, 1459, -2779,  820, 1455, -2779,  0, 0, 0
L 820, 1455, -2779,  792, 1455, -2779,  0, 0, 0
L 792, 1455, -2779,  791, 1408, -2779,  0, 0, 0
L 791, 1408, -2779,  831, 1406, -2779,  0, 0, 0
L 831, 1406, -2779,  832, 1449, -2779,  0, 0, 0
L 832, 1449, -2779,  840, 1449, -2779,  0, 0, 0
L 906, 1653, -2846,  906, 1653, -2846,  0, 0, 0
L 906, 1653, -2846,  906, 1649, -2846,  0, 0, 0
L 906, 1649, -2846,  928, 1650, -2846,  0, 0, 0
L 928, 1650, -2846,  930, 1683, -2822,  0, 0, 0
L 930, 1683, -2822,  905, 1685, -2830,  0, 0, 0
L 905, 1685, -2830,  906, 1680, -2833,  0, 0, 0
L 906, 1680, -2833,  899, 1680, -2846,  0, 0, 0
L 987, 1540, -2778,  987, 1540, -2778,  0, 0, 0
L 987, 1540, -2778,  909, 1538, -2820,  0, 0, 0
L 909, 1538, -2820,  908, 1472, -2832,  0, 0, 0
L 908, 1472, -2832,  901, 1470, -2816,  0, 0, 0
L 901, 1457, -2838,  901, 1457, -2838,  0, 0, 0
L 901, 1457, -2838,  908, 1457, -2841,  0, 0, 0
L 908, 1457, -2841,  908, 1424, -2839,  0, 0, 0
L 908, 1424, -2839,  1025, 1424, -2800,  0, 0, 0
L 929, 1459, -2779,  929, 1459, -2779,  0, 0, 0
L 929, 1459, -2779,  929, 1443, -2779,  0, 0, 0
L 929, 1443, -2779,  986, 1442, -2779,  0, 0, 0
L 986, 1442, -2779,  986, 1520, -2779,  0, 0, 0
L 986, 1520, -2779,  930, 1520, -2779,  0, 0, 0
L 930, 1520, -2779,  930, 1470, -2779,  0, 0, 0
L 930, 1470, -2779,  937, 1469, -2779,  0, 0, 0
L 937, 1469, -2779,  938, 1511, -2779,  0, 0, 0
L 938, 1511, -2779,  977, 1511, -2779,  0, 0, 0
L 977, 1511, -2779,  977, 1451, -2779,  0, 0, 0
L 977, 1451, -2779,  937, 1452, -2779,  0, 0, 0
L 937, 1452, -2779,  937, 1459, -2779,  0, 0, 0
L 937, 1459, -2779,  929, 1458, -2779,  0, 0, 0
L 815, 1283, -2726,  815, 1283, -2726,  0, 0, 0
L 815, 1283, -2726,  816, 1312, -2726,  0, 0, 0
L 816, 1312, -2726,  821, 1314, -2726,  0, 0, 0
L 821, 1314, -2726,  822, 1287, -2726,  0, 0, 0
L 822, 1287, -2726,  846, 1287, -2726,  0, 0, 0
L 846, 1287, -2726,  846, 1296, -2696,  0, 0, 0
L 846, 1296, -2696,  849, 1300, -2666,  0, 0, 0
L 849, 1300, -2666,  865, 1301, -2516,  0, 0, 0
L 865, 1301, -2516,  854, 1298, -2486,  0, 0, 0
L 854, 1298, -2486,  854, 1293, -2486,  0, 0, 0
L 854, 1293, -2486,  859, 1287, -2486,  0, 0, 0
L 859, 1287, -2486,  866, 1286, -2486,  0, 0, 0
L 866, 1286, -2486,  870, 1290, -2486,  0, 0, 0
L 870, 1290, -2486,  872, 1298, -2486,  0, 0, 0
L 872, 1298, -2486,  866, 1305, -2502,  0, 0, 0
L 866, 1305, -2502,  848, 1305, -2666,  0, 0, 0
L 848, 1305, -2666,  847, 1309, -2726,  0, 0, 0
L 847, 1309, -2726,  847, 1330, -2726,  0, 0, 0
L 847, 1330, -2726,  821, 1330, -2726,  0, 0, 0
L 821, 1330, -2726,  822, 1326, -2726,  0, 0, 0
L 822, 1326, -2726,  816, 1325, -2726,  0, 0, 0
L 816, 1325, -2726,  816, 1335, -2726,  0, 0, 0
L 816, 1335, -2726,  852, 1335, -2726,  0, 0, 0
L 852, 1335, -2726,  852, 1309, -2726,  0, 0, 0
L 852, 1309, -2726,  867, 1309, -2726,  0, 0, 0
L 867, 1309, -2726,  876, 1301, -2726,  0, 0, 0
L 876, 1301, -2726,  876, 1289, -2731,  0, 0, 0
L 876, 1289, -2731,  869, 1282, -2731,  0, 0, 0
L 869, 1282, -2731,  858, 1281, -2727,  0, 0, 0
L 858, 1281, -2727,  853, 1286, -2726,  0, 0, 0
L 853, 1286, -2726,  852, 1281, -2726,  0, 0, 0
L 852, 1281, -2726,  815, 1283, -2726,  0, 0, 0
L 102, 393, -2237,  102, 393, -2237,  0, 0, 0
L 102, 393, -2237,  45, 329, -2244,  0, 0, 0
L 45, 329, -2244,  2, 281, -2295,  0, 0, 0
L 2, 281, -2295,  -57, 215, -2340,  0, 0, 0
L -57, 215, -2340,  -118, 149, -2250,  0, 0, 0
L -118, 149, -2250,  -164, 109, -2246,  0, 0, 0
L -164, 109, -2246,  -232, 47, -2296,  0, 0, 0
L -232, 47, -2296,  -300, -11, -2358,  0, 0, 0
L -300, -11, -2358,  -330, -35, -2286,  0, 0, 0
L -330, -35, -2286,  -346, -49, -2254,  0, 0, 0
L -346, -49, -2254,  -392, -30, -2111,  0, 0, 0
L -392, -30, -2111,  -400, -29, -2045,  0, 0, 0
L -400, -29, -2045,  -429, -27, -1900,  0, 0, 0
L -429, -27, -1900,  -429, -27, -1900,  0, 0, 0
L -429, -27, -1900,  -459, -18, -1864,  0, 0, 0
L -459, -18, -1864,  -482, -10, -1707,  0, 0, 0
L -482, -10, -1707,  -526, 28, -1828,  0, 0, 0
L -526, 28, -1828,  -535, 47, -1854,  0, 0, 0
L -535, 47, -1854,  -544, 57, -1911,  0, 0, 0
L -544, 57, -1911,  -547, 61, -1927,  0, 0, 0
L -547, 61, -1927,  -568, 77, -2165,  0, 0, 0
L -568, 77, -2165,  -597, 84, -2166,  0, 0, 0
L -597, 84, -2166,  -640, 93, -2209,  0, 0, 0
L -640, 93, -2209,  -695, 103, -2150,  0, 0, 0
L -695, 103, -2150,  -724, 108, -2211,  0, 0, 0
L -724, 108, -2211,  -828, 103, -2251,  0, 0, 0
L -828, 103, -2251,  -896, 99, -2270,  0, 0, 0
L -896, 99, -2270,  -927, 96, -2287,  0, 0, 0
L -927, 96, -2287,  -962, 94, -2301,  0, 0, 0
L -962, 94, -2301,  -1007, 90, -2329,  0, 0, 0
L -1007, 90, -2329,  -1037, 88, -2340,  0, 0, 0
L -1037, 88, -2340,  -1099, 83, -2218,  0, 0, 0
L -1099, 83, -2218,  -1102, 56, -2206,  0, 0, 0
L -1102, 56, -2206,  -1102, -2, -2133,  0, 0, 0
L -1102, -2, -2133,  -1102, -25, -2106,  0, 0, 0
L -1102, -25, -2106,  -1102, -46, -2087,  0, 0, 0
L -1102, -46, -2087,  -1101, -61, -2099,  0, 0, 0
L -1101, -61, -2099,  -1100, -166, -2335,  0, 0, 0
L -1100, -166, -2335,  -1099, -182, -2304,  0, 0, 0
L -1099, -182, -2304,  -1098, -214, -2310,  0, 0, 0
L -1098, -214, -2310,  -1098, -214, -2310,  0, 0, 0
L -1098, -214, -2310,  -1100, -294, -2367,  0, 0, 0
L -1100, -294, -2367,  -1101, -313, -2356,  0, 0, 0
L -1101, -313, -2356,  -1102, -344, -2349,  0, 0, 0
L -1102, -344, -2349,  -1102, -365, -2326,  0, 0, 0
L -1102, -365, -2326,  -1102, -395, -2300,  0, 0, 0
L -1102, -395, -2300,  -1102, -425, -2275,  0, 0, 0
L -1102, -425, -2275,  -1102, -455, -2250,  0, 0, 0
L -1102, -455, -2250,  -1100, -494, -2241,  0, 0, 0
L -1100, -494, -2241,  -1093, -514, -2241,  0, 0, 0
L -1093, -514, -2241,  -1073, -580, -2235,  0, 0, 0
L -1073, -580, -2235,  -1067, -600, -2242,  0, 0, 0
L -1067, -600, -2242,  -1056, -632, -2263,  0, 0, 0
L -1056, -632, -2263,  -1048, -658, -2279,  0, 0, 0
L -1048, -658, -2279,  -1030, -715, -2304,  0, 0, 0
L -1030, -715, -2304,  -1021, -744, -2322,  0, 0, 0
L -1021, -744, -2322,  -1003, -802, -2320,  0, 0, 0
L -1003, -802, -2320,  -984, -862, -2246,  0, 0, 0
L -984, -862, -2246,  -957, -861, -2338,  0, 0, 0
L -957, -861, -2338,  -958, -910, -2273,  0, 0, 0
L -958, -910, -2273,  -957, -943, -2342,  0, 0, 0
L -957, -943, -2342,  -957, -943, -2342,  0, 0, 0
L -957, -943, -2342,  -955, -983, -2401,  0, 0, 0
L -955, -983, -2401,  -955, -983, -2401,  0, 0, 0
L -955, -983, -2401,  -956, -1004, -2423,  0, 0, 0
L -956, -1004, -2423,  -958, -1052, -2334,  0, 0, 0
L -958, -1052, -2334,  -957, -1045, -2372,  0, 0, 0
L -957, -1045, -2372,  -979, -1095, -2375,  0, 0, 0
L -979, -1095, -2375,  -1012, -1153, -2416,  0, 0, 0
L -1012, -1153, -2416,  -1033, -1189, -2389,  0, 0, 0
L -1033, -1189, -2389,  -1037, -1198, -2386,  0, 0, 0
L -1037, -1198, -2386,  -1062, -1245, -2365,  0, 0, 0
L -1062, -1245, -2365,  -1066, -1269, -2302,  0, 0, 0
L -1066, -1269, -2302,  -1066, -1298, -2281,  0, 0, 0
L -1066, -1298, -2281,  -1065, -1346, -2348,  0, 0, 0
L -1065, -1346, -2348,  -1065, -1393, -2420,  0, 0, 0
L -1065, -1393, -2420,  -1065, -1439, -2348,  0, 0, 0
L -939, -1447, -2245,  -939, -1447, -2245,  0, 0, 0
L -939, -1447, -2245,  -962, -1444, -2342,  0, 0, 0
L -962, -1444, -2342,  -963, -1390, -2292,  0, 0, 0
L -963, -1390, -2292,  -963, -1334, -2358,  0, 0, 0
L -963, -1334, -2358,  -964, -1297, -2425,  0, 0, 0
L -964, -1297, -2425,  -963, -1262, -2365,  0, 0, 0
L -963, -1262, -2365,  -912, -1157, -2419,  0, 0, 0
L -912, -1157, -2419,  -871, -1086, -2359,  0, 0, 0
L -871, -1086, -2359,  -863, -1071, -2348,  0, 0, 0
L -863, -1071, -2348,  -855, -1003, -2298,  0, 0, 0
L -855, -1003, -2298,  -856, -964, -2358,  0, 0, 0
L -856, -964, -2358,  -855, -890, -2385,  0, 0, 0
L -855, -890, -2385,  -855, -864, -2350,  0, 0, 0
L -855, -864, -2350,  -839, -862, -2346,  0, 0, 0
L -839, -862, -2346,  -796, -861, -2356,  0, 0, 0
L -796, -861, -2356,  -796, -861, -2356,  0, 0, 0
L -796, -861, -2356,  -790, -851, -2439,  0, 0, 0
L -790, -851, -2439,  -778, -841, -2545,  0, 0, 0
L -778, -841, -2545,  -765, -833, -2520,  0, 0, 0
L -765, -833, -2520,  -744, -833, -2405,  0, 0, 0
L -744, -833, -2405,  -744, -833, -2405,  0, 0, 0
L -744, -833, -2405,  -736, -843, -2421,  0, 0, 0
L -736, -843, -2421,  -738, -849, -2440,  0, 0, 0
L -738, -849, -2440,  -746, -862, -2349,  0, 0, 0
L -746, -862, -2349,  -722, -862, -2342,  0, 0, 0
L -722, -862, -2342,  -705, -862, -2321,  0, 0, 0
L -705, -862, -2321,  -658, -862, -2265,  0, 0, 0
L -658, -862, -2265,  -628, -862, -2232,  0, 0, 0
L -628, -862, -2232,  -628, -862, -2232,  0, 0, 0
L -628, -862, -2232,  -559, -811, -2188,  0, 0, 0
L -559, -811, -2188,  -526, -785, -2174,  0, 0, 0
L -526, -785, -2174,  -497, -759, -2296,  0, 0, 0
L -497, -759, -2296,  -456, -711, -2013,  0, 0, 0
L -456, -711, -2013,  -439, -696, -2043,  0, 0, 0
L -439, -696, -2043,  -398, -675, -2251,  0, 0, 0
L -398, -675, -2251,  -389, -680, -2436,  0, 0, 0
L -389, -680, -2436,  -389, -680, -2436,  0, 0, 0
L -389, -680, -2436,  -362, -661, -2394,  0, 0, 0
L -362, -661, -2394,  -334, -640, -2330,  0, 0, 0
L -334, -640, -2330,  -311, -622, -2313,  0, 0, 0
L -311, -622, -2313,  -279, -597, -2278,  0, 0, 0
L -279, -597, -2278,  -259, -582, -2261,  0, 0, 0
L -259, -582, -2261,  -233, -571, -2240,  0, 0, 0
L -233, -571, -2240,  -233, -571, -2240,  0, 0, 0
L -233, -571, -2240,  -216, -580, -2219,  0, 0, 0
L -216, -580, -2219,  -167, -606, -2154,  0, 0, 0
L -167, -606, -2154,  -84, -649, -2206,  0, 0, 0
L -84, -649, -2206,  -84, -649, -2206,  0, 0, 0
L -84, -649, -2206,  -31, -677, -2164,  0, 0, 0
L -31, -677, -2164,  -4, -691, -2173,  0, 0, 0
L -4, -691, -2173,  46, -717, -2234,  0, 0, 0
L 46, -717, -2234,  61, -705, -2221,  0, 0, 0
L 61, -705, -2221,  90, -680, -2166,  0, 0, 0
L 90, -680, -2166,  102, -670, -2169,  0, 0, 0
L 102, -670, -2169,  141, -635, -2216,  0, 0, 0
L 141, -635, -2216,  151, -626, -2205,  0, 0, 0
L 151, -626, -2205,  174, -606, -2177,  0, 0, 0
L 174, -606, -2177,  200, -547, -1708,  0, 0, 0
L 200, -547, -1708,  240, -519, -1684,  0, 0, 0
L 240, -519, -1684,  284, -507, -1545,  0, 0, 0
L 284, -507, -1545,  307, -496, -1472,  0, 0, 0
L 307, -496, -1472,  310, -495, -1452,  0, 0, 0
L 310, -495, -1452,  399, -550, -2173,  0, 0, 0
L 399, -550, -2173,  457, -549, -2262,  0, 0, 0
L 457, -549, -2262,  524, -549, -2252,  0, 0, 0
L 524, -549, -2252,  524, -549, -2252,  0, 0, 0
L 524, -549, -2252,  548, -550, -2251,  0, 0, 0
L 548, -550, -2251,  593, -550, -2242,  0, 0, 0
L 593, -550, -2242,  594, -520, -2306,  0, 0, 0
L 594, -520, -2306,  594, -514, -2330,  0, 0, 0
L 594, -514, -2330,  650, -513, -2299,  0, 0, 0
L 650, -513, -2299,  688, -513, -2345,  0, 0, 0
L 688, -513, -2345,  747, -524, -2716,  0, 0, 0
L 747, -524, -2716,  784, -535, -2825,  0, 0, 0
L 784, -535, -2825,  850, -569, -2880,  0, 0, 0
L 850, -569, -2880,  884, -585, -2829,  0, 0, 0
L 884, -585, -2829,  930, -634, -3077,  0, 0, 0
L 930, -634, -3077,  974, -687, -3032,  0, 0, 0
L 974, -687, -3032,  988, -700, -3025,  0, 0, 0
L 988, -700, -3025,  1015, -732, -3015,  0, 0, 0
L 1015, -732, -3015,  1039, -755, -3065,  0, 0, 0
L 1039, -755, -3065,  1053, -768, -3083,  0, 0, 0
L 1053, -768, -3083,  1076, -771, -3231,  0, 0, 0
L 1076, -771, -3231,  1075, -799, -3245,  0, 0, 0
L 1075, -799, -3245,  1076, -829, -3252,  0, 0, 0
L 1076, -829, -3252,  1076, -869, -3240,  0, 0, 0
L 1076, -869, -3240,  1078, -892, -3408,  0, 0, 0
L 1078, -892, -3408,  1078, -933, -3602,  0, 0, 0
L 1078, -933, -3602,  1078, -954, -3697,  0, 0, 0
L 1078, -954, -3697,  1076, -976, -3735,  0, 0, 0
L 1076, -976, -3735,  1067, -1022, -3731,  0, 0, 0
L 1067, -1022, -3731,  1067, -1022, -3731,  0, 0, 0
L 1067, -1022, -3731,  1076, -1079, -3739,  0, 0, 0
L 1076, -1079, -3739,  1076, -1079, -3739,  0, 0, 0
L 1076, -1079, -3739,  1078, -1093, -3729,  0, 0, 0
L 1078, -1093, -3729,  1104, -1096, -3806,  0, 0, 0
L 1104, -1096, -3806,  1104, -1096, -3806,  0, 0, 0
L 1104, -1096, -3806,  1125, -1067, -3722,  0, 0, 0
L 1125, -1067, -3722,  1129, -1039, -3722,  0, 0, 0
L 1129, -1039, -3722,  1122, -993, -3733,  0, 0, 0
L 1122, -993, -3733,  1117, -974, -3739,  0, 0, 0
L 1117, -974, -3739,  1120, -944, -3592,  0, 0, 0
L 1120, -944, -3592,  1120, -944, -3592,  0, 0, 0
L 1120, -944, -3592,  1119, -904, -3404,  0, 0, 0
L 1119, -904, -3404,  1118, -867, -3239,  0, 0, 0
L 1118, -867, -3239,  1117, -837, -3285,  0, 0, 0
L 1117, -837, -3285,  1117, -814, -3274,  0, 0, 0
L 1117, -814, -3274,  1117, -775, -3228,  0, 0, 0
L 1117, -775, -3228,  1132, -771, -3060,  0, 0, 0
L 1132, -771, -3060,  1168, -772, -3053,  0, 0, 0
L 1168, -772, -3053,  1168, -772, -3053,  0, 0, 0
L 1168, -772, -3053,  1178, -772, -3056,  0, 0, 0
L 1178, -772, -3056,  1258, -707, -3061,  0, 0, 0
L 1258, -707, -3061,  1258, -707, -3061,  0, 0, 0
L 1258, -707, -3061,  1258, -707, -3061,  0, 0, 0
L 1258, -707, -3061,  1258, -707, -3061,  0, 0, 0
L 1258, -707, -3061,  1269, -679, -3004,  0, 0, 0
L 1269, -679, -3004,  1269, -672, -3000,  0, 0, 0
L 1269, -672, -3000,  1268, -630, -3114,  0, 0, 0
L 1268, -630, -3114,  1270, -612, -3264,  0, 0, 0
L 1270, -612, -3264,  1288, -614, -3296,  0, 0, 0
L 1288, -614, -3296,  1293, -617, -3243,  0, 0, 0
L 1293, -617, -3243,  1308, -617, -3243,  0, 0, 0
L 1308, -617, -3243,  1321, -617, -3246,  0, 0, 0
L 1321, -617, -3246,  1340, -617, -3243,  0, 0, 0
L 1340, -617, -3243,  1370, -616, -3245,  0, 0, 0
L 1370, -616, -3245,  1370, -616, -3245,  0, 0, 0
L 1370, -616, -3245,  1400, -614, -3453,  0, 0, 0
L 1400, -614, -3453,  1421, -614, -3547,  0, 0, 0
L 1421, -614, -3547,  1421, -614, -3547,  0, 0, 0
L 1421, -614, -3547,  1461, -615, -3723,  0, 0, 0
L 1461, -615, -3723,  1481, -619, -3731,  0, 0, 0
L 1481, -619, -3731,  1520, -626, -3719,  0, 0, 0
L 1520, -626, -3719,  1520, -626, -3719,  0, 0, 0
L 1520, -626, -3719,  1547, -625, -3713,  0, 0, 0
L 1547, -625, -3713,  1564, -619, -3742,  0, 0, 0
L 1564, -619, -3742,  1590, -615, -3720,  0, 0, 0
L 1590, -615, -3720,  1593, -615, -3720,  0, 0, 0
L 1593, -615, -3720,  1593, -593, -3806,  0, 0, 0
L 1593, -593, -3806,  1593, -593, -3806,  0, 0, 0
L 1593, -593, -3806,  1593, -593, -3806,  0, 0, 0
L 1593, -593, -3806,  1593, -573, -3721,  0, 0, 0
L 1593, -573, -3721,  1556, -567, -3735,  0, 0, 0
L 1556, -567, -3735,  1556, -567, -3735,  0, 0, 0
L 1556, -567, -3735,  1530, -565, -3741,  0, 0, 0
L 1530, -565, -3741,  1493, -569, -3722,  0, 0, 0
L 1493, -569, -3722,  1466, -575, -3729,  0, 0, 0
L 1466, -575, -3729,  1466, -575, -3729,  0, 0, 0
L 1466, -575, -3729,  1439, -574, -3606,  0, 0, 0
L 1439, -574, -3606,  1405, -574, -3439,  0, 0, 0
L 1405, -574, -3439,  1405, -574, -3439,  0, 0, 0
L 1405, -574, -3439,  1375, -574, -3290,  0, 0, 0
L 1375, -574, -3290,  1360, -576, -3261,  0, 0, 0
L 1360, -576, -3261,  1332, -575, -3263,  0, 0, 0
L 1332, -575, -3263,  1302, -576, -3285,  0, 0, 0
L 1302, -576, -3285,  1274, -575, -3235,  0, 0, 0
L 1274, -575, -3235,  1263, -572, -3238,  0, 0, 0
L 1263, -572, -3238,  1267, -557, -3077,  0, 0, 0
L 1267, -557, -3077,  1267, -557, -3077,  0, 0, 0
L 1267, -557, -3077,  1262, -548, -3111,  0, 0, 0
L 1262, -548, -3111,  1244, -525, -3022,  0, 0, 0
L 1244, -525, -3022,  1244, -525, -3022,  0, 0, 0
L 1244, -525, -3022,  1218, -498, -3043,  0, 0, 0
L 1218, -498, -3043,  1202, -481, -3078,  0, 0, 0
L 1202, -481, -3078,  1185, -477, -3181,  0, 0, 0
L 1185, -477, -3181,  1185, -477, -3181,  0, 0, 0
L 1185, -477, -3181,  1178, -449, -3262,  0, 0, 0
L 1178, -449, -3262,  1178, -449, -3262,  0, 0, 0
L 1178, -449, -3262,  1178, -439, -3257,  0, 0, 0
L 1178, -439, -3257,  1178, -412, -3249,  0, 0, 0
L 1178, -412, -3249,  1176, -377, -3249,  0, 0, 0
L 1176, -377, -3249,  1176, -377, -3249,  0, 0, 0
L 1176, -377, -3249,  1177, -355, -3392,  0, 0, 0
L 1177, -355, -3392,  1175, -320, -3586,  0, 0, 0
L 1175, -320, -3586,  1175, -320, -3586,  0, 0, 0
L 1175, -320, -3586,  1177, -282, -3725,  0, 0, 0
L 1177, -282, -3725,  1181, -265, -3721,  0, 0, 0
L 1181, -265, -3721,  1185, -240, -3722,  0, 0, 0
L 1185, -240, -3722,  1185, -240, -3722,  0, 0, 0
L 1185, -240, -3722,  1185, -202, -3736,  0, 0, 0
L 1185, -202, -3736,  1180, -172, -3732,  0, 0, 0
L 1180, -172, -3732,  1180, -172, -3732,  0, 0, 0
L 1180, -172, -3732,  1174, -152, -3743,  0, 0, 0
L 1174, -152, -3743,  1162, -152, -3806,  0, 0, 0
L 1162, -152, -3806,  1162, -152, -3806,  0, 0, 0
L 1162, -152, -3806,  1135, -152, -3721,  0, 0, 0
L 1135, -152, -3721,  1135, -152, -3721,  0, 0, 0
L 1135, -152, -3721,  1134, -157, -3723,  0, 0, 0
L 1134, -157, -3723,  1130, -176, -3721,  0, 0, 0
L 1130, -176, -3721,  1127, -194, -3715,  0, 0, 0
L 1127, -194, -3715,  1125, -212, -3723,  0, 0, 0
L 1125, -212, -3723,  1132, -254, -3733,  0, 0, 0
L 1132, -254, -3733,  1132, -254, -3733,  0, 0, 0
L 1132, -254, -3733,  1137, -288, -3705,  0, 0, 0
L 1137, -288, -3705,  1136, -315, -3577,  0, 0, 0
L 1136, -315, -3577,  1136, -315, -3577,  0, 0, 0
L 1136, -315, -3577,  1136, -315, -3577,  0, 0, 0
L 1136, -315, -3577,  1136, -364, -3321,  0, 0, 0
L 1136, -364, -3321,  1136, -364, -3321,  0, 0, 0
L 1136, -364, -3321,  1138, -383, -3265,  0, 0, 0
L 1138, -383, -3265,  1137, -417, -3271,  0, 0, 0
L 1137, -417, -3271,  1136, -432, -3256,  0, 0, 0
L 1136, -432, -3256,  1138, -469, -3248,  0, 0, 0
L 1138, -469, -3248,  1138, -469, -3248,  0, 0, 0
L 1138, -469, -3248,  1125, -476, -3047,  0, 0, 0
L 1125, -476, -3047,  1112, -476, -3056,  0, 0, 0
L 1112, -476, -3056,  1104, -477, -3061,  0, 0, 0
L 1104, -477, -3061,  1075, -477, -3077,  0, 0, 0
L 1075, -477, -3077,  1075, -477, -3077,  0, 0, 0
L 1075, -477, -3077,  1052, -480, -3067,  0, 0, 0
L 1052, -480, -3067,  1033, -500, -3074,  0, 0, 0
L 1033, -500, -3074,  1033, -500, -3074,  0, 0, 0
L 1033, -500, -3074,  1016, -515, -3020,  0, 0, 0
L 1016, -515, -3020,  1016, -515, -3020,  0, 0, 0
L 1016, -515, -3020,  986, -545, -3085,  0, 0, 0
L 986, -545, -3085,  986, -545, -3085,  0, 0, 0
L 986, -545, -3085,  975, -547, -3064,  0, 0, 0
L 975, -547, -3064,  958, -538, -3074,  0, 0, 0
L 958, -538, -3074,  931, -524, -3110,  0, 0, 0
L 931, -524, -3110,  925, -513, -3067,  0, 0, 0
L 925, -513, -3067,  910, -503, -2997,  0, 0, 0
L 910, -503, -2997,  910, -503, -2997,  0, 0, 0
L 910, -503, -2997,  887, -487, -2864,  0, 0, 0
L 887, -487, -2864,  868, -477, -2808,  0, 0, 0
L 868, -477, -2808,  868, -477, -2808,  0, 0, 0
L 868, -477, -2808,  857, -474, -2795,  0, 0, 0
L 857, -474, -2795,  857, -474, -2795,  0, 0, 0
L 857, -474, -2795,  820, -457, -2834,  0, 0, 0
L 820, -457, -2834,  820, -457, -2834,  0, 0, 0
L 820, -457, -2834,  810, -450, -2861,  0, 0, 0
L 810, -450, -2861,  782, -433, -2788,  0, 0, 0
L 782, -433, -2788,  773, -430, -2716,  0, 0, 0
L 773, -430, -2716,  766, -428, -2675,  0, 0, 0
L 766, -428, -2675,  755, -426, -2605,  0, 0, 0
L 755, -426, -2605,  740, -423, -2527,  0, 0, 0
L 740, -423, -2527,  712, -418, -2480,  0, 0, 0
L 712, -418, -2480,  712, -418, -2480,  0, 0, 0
L 712, -418, -2480,  685, -411, -2356,  0, 0, 0
L 685, -411, -2356,  685, -411, -2356,  0, 0, 0
L 685, -411, -2356,  663, -413, -2412,  0, 0, 0
L 663, -413, -2412,  634, -412, -2436,  0, 0, 0
L 634, -412, -2436,  605, -411, -2356,  0, 0, 0
L 605, -411, -2356,  598, -411, -2348,  0, 0, 0
L 598, -411, -2348,  594, -408, -2327,  0, 0, 0
L 594, -408, -2327,  591, -389, -2386,  0, 0, 0
L 591, -389, -2386,  592, -350, -2365,  0, 0, 0
L 592, -350, -2365,  592, -350, -2365,  0, 0, 0
L 592, -350, -2365,  592, -317, -2366,  0, 0, 0
L 592, -317, -2366,  592, -317, -2366,  0, 0, 0
L 592, -317, -2366,  592, -317, -2366,  0, 0, 0
L 592, -317, -2366,  592, -287, -2368,  0, 0, 0
L 592, -287, -2368,  593, -257, -2322,  0, 0, 0
L 593, -257, -2322,  593, -227, -2287,  0, 0, 0
L 593, -227, -2287,  593, -227, -2287,  0, 0, 0
L 593, -227, -2287,  594, -185, -2223,  0, 0, 0
L 594, -185, -2223,  594, -185, -2223,  0, 0, 0
L 594, -185, -2223,  550, -145, -1547,  0, 0, 0
L 550, -145, -1547,  548, -83, -1386,  0, 0, 0
L 548, -83, -1386,  540, -42, -1297,  0, 0, 0
L 540, -42, -1297,  539, -40, -1285,  0, 0, 0
L 539, -40, -1285,  570, -23, -1507,  0, 0, 0
L 570, -23, -1507,  593, -15, -1673,  0, 0, 0
L 593, -15, -1673,  619, -15, -1741,  0, 0, 0
L 619, -15, -1741,  629, -5, -1851,  0, 0, 0
L 629, -5, -1851,  649, 13, -2096,  0, 0, 0
L 649, 13, -2096,  649, 13, -2096,  0, 0, 0
L 649, 13, -2096,  675, 28, -2364,  0, 0, 0
L 675, 28, -2364,  698, 85, -2219,  0, 0, 0
L 698, 85, -2219,  698, 85, -2219,  0, 0, 0
L 698, 85, -2219,  710, 114, -2139,  0, 0, 0
L 710, 114, -2139,  710, 114, -2139,  0, 0, 0
L 710, 114, -2139,  721, 145, -2152,  0, 0, 0
L 721, 145, -2152,  721, 145, -2152,  0, 0, 0
L 721, 145, -2152,  720, 161, -2321,  0, 0, 0
L 720, 161, -2321,  718, 163, -2400,  0, 0, 0
L 718, 163, -2400,  710, 172, -2472,  0, 0, 0
L 710, 172, -2472,  702, 181, -2343,  0, 0, 0
L 702, 181, -2343,  706, 192, -2349,  0, 0, 0
L 706, 192, -2349,  706, 196, -2384,  0, 0, 0
L 706, 196, -2384,  707, 201, -2411,  0, 0, 0
L 707, 201, -2411,  707, 201, -2411,  0, 0, 0
L 707, 201, -2411,  691, 231, -2115,  0, 0, 0
L 691, 231, -2115,  680, 238, -2178,  0, 0, 0
L 680, 238, -2178,  657, 255, -2246,  0, 0, 0
L 657, 255, -2246,  657, 255, -2246,  0, 0, 0
L 657, 255, -2246,  622, 280, -2363,  0, 0, 0
L 622, 280, -2363,  622, 280, -2363,  0, 0, 0
L 622, 280, -2363,  590, 301, -2371,  0, 0, 0
L 590, 301, -2371,  590, 301, -2371,  0, 0, 0
L 590, 301, -2371,  590, 301, -2371,  0, 0, 0
L 590, 301, -2371,  538, 339, -2359,  0, 0, 0
L 538, 339, -2359,  538, 339, -2359,  0, 0, 0
L 538, 339, -2359,  538, 339, -2359,  0, 0, 0
L 538, 339, -2359,  523, 350, -2324,  0, 0, 0
L 523, 350, -2324,  486, 374, -2270,  0, 0, 0
L 486, 374, -2270,  473, 384, -2245,  0, 0, 0
L 473, 384, -2245,  466, 390, -2234,  0, 0, 0
L 466, 390, -2234,  461, 393, -2239,  0, 0, 0
L 461, 393, -2239,  454, 393, -2247,  0, 0, 0
L -683, -396, -2659,  -683, -396, -2659,  0, 0, 0
L -683, -396, -2659,  -684, -432, -2663,  0, 0, 0
L -684, -432, -2663,  -767, -504, -2672,  0, 0, 0
L -767, -504, -2672,  -798, -521, -2625,  0, 0, 0
L -798, -521, -2625,  -798, -521, -2625,  0, 0, 0
L -798, -521, -2625,  -853, -553, -2659,  0, 0, 0
L -853, -553, -2659,  -853, -553, -2659,  0, 0, 0
L -853, -553, -2659,  -853, -553, -2659,  0, 0, 0
L -853, -553, -2659,  -871, -539, -2750,  0, 0, 0
L -871, -539, -2750,  -871, -539, -2750,  0, 0, 0
L -871, -539, -2750,  -897, -528, -2740,  0, 0, 0
L -897, -528, -2740,  -897, -528, -2740,  0, 0, 0
L -897, -528, -2740,  -904, -534, -2663,  0, 0, 0
L -904, -534, -2663,  -920, -530, -2655,  0, 0, 0
L -920, -530, -2655,  -944, -536, -2665,  0, 0, 0
L -944, -536, -2665,  -944, -536, -2665,  0, 0, 0
L -944, -536, -2665,  -944, -536, -2665,  0, 0, 0
L -944, -536, -2665,  -985, -470, -2661,  0, 0, 0
L -985, -470, -2661,  -985, -470, -2661,  0, 0, 0
L -985, -470, -2661,  -985, -470, -2661,  0, 0, 0
L -985, -470, -2661,  -985, -470, -2661,  0, 0, 0
L -985, -470, -2661,  -985, -470, -2661,  0, 0, 0
L -985, -470, -2661,  -1001, -417, -2632,  0, 0, 0
L -1001, -417, -2632,  -1001, -417, -2632,  0, 0, 0
L -1001, -417, -2632,  -1001, -417, -2632,  0, 0, 0
L -1001, -417, -2632,  -1013, -367, -2661,  0, 0, 0
L -1013, -367, -2661,  -1013, -367, -2661,  0, 0, 0
L -1013, -367, -2661,  -1013, -367, -2661,  0, 0, 0
L -1013, -367, -2661,  -1013, -367, -2661,  0, 0, 0
L -1013, -367, -2661,  -992, -289, -2652,  0, 0, 0
L -992, -289, -2652,  -992, -289, -2652,  0, 0, 0
L -992, -289, -2652,  -992, -289, -2652,  0, 0, 0
L -992, -289, -2652,  -992, -289, -2652,  0, 0, 0
L -992, -289, -2652,  -996, -226, -2664,  0, 0, 0
L -996, -226, -2664,  -996, -226, -2664,  0, 0, 0
L -996, -226, -2664,  -996, -226, -2664,  0, 0, 0
L -996, -226, -2664,  -980, -176, -2689,  0, 0, 0
L -980, -176, -2689,  -980, -176, -2689,  0, 0, 0
L -980, -176, -2689,  -981, -173, -2649,  0, 0, 0
L -981, -173, -2649,  -1000, -165, -2625,  0, 0, 0
L -1000, -165, -2625,  -1013, -159, -2665,  0, 0, 0
L -1013, -159, -2665,  -1013, -159, -2665,  0, 0, 0
L -1013, -159, -2665,  -998, -90, -2658,  0, 0, 0
L -998, -90, -2658,  -998, -90, -2658,  0, 0, 0
L -998, -90, -2658,  -998, -90, -2658,  0, 0, 0
L -998, -90, -2658,  -937, -39, -2671,  0, 0, 0
L -937, -39, -2671,  -905, -30, -2632,  0, 0, 0
L -905, -30, -2632,  -905, -30, -2632,  0, 0, 0
L -905, -30, -2632,  -884, -18, -2653,  0, 0, 0
L -884, -18, -2653,  -848, -15, -2661,  0, 0, 0
L -848, -15, -2661,  -848, -15, -2661,  0, 0, 0
L -848, -15, -2661,  -848, -15, -2661,  0, 0, 0
L -848, -15, -2661,  -812, -30, -2664,  0, 0, 0
L -812, -30, -2664,  -812, -30, -2664,  0, 0, 0
L -812, -30, -2664,  -812, -30, -2664,  0, 0, 0
L -812, -30, -2664,  -812, -30, -2664,  0, 0, 0
L -812, -30, -2664,  -812, -30, -2664,  0, 0, 0
L -812, -30, -2664,  -812, -30, -2664,  0, 0, 0
L -812, -30, -2664,  -750, -87, -2664,  0, 0, 0
L -750, -87, -2664,  -750, -87, -2664,  0, 0, 0
L -750, -87, -2664,  -750, -87, -2664,  0, 0, 0
L -750, -87, -2664,  -750, -87, -2664,  0, 0, 0
L -750, -87, -2664,  -750, -87, -2664,  0, 0, 0
L -750, -87, -2664,  -750, -87, -2664,  0, 0, 0
L -750, -87, -2664,  -750, -87, -2664,  0, 0, 0
L -750, -87, -2664,  -750, -87, -2664,  0, 0, 0
L -750, -87, -2664,  -714, -186, -2645,  0, 0, 0
L -714, -186, -2645,  -714, -186, -2645,  0, 0, 0
L -714, -186, -2645,  -714, -186, -2645,  0, 0, 0
L -714, -186, -2645,  -714, -186, -2645,  0, 0, 0
L -714, -186, -2645,  -688, -277, -2658,  0, 0, 0
L -688, -277, -2658,  -688, -277, -2658,  0, 0, 0
L -688, -277, -2658,  -688, -277, -2658,  0, 0, 0
L -688, -277, -2658,  -688, -277, -2658,  0, 0, 0
L -688, -277, -2658,  -688, -277, -2658,  0, 0, 0
L -688, -277, -2658,  -688, -277, -2658,  0, 0, 0
L -688, -277, -2658,  -697, -349, -2652,  0, 0, 0
L -697, -349, -2652,  -697, -349, -2652,  0, 0, 0
L -697, -349, -2652,  -697, -349, -2652,  0, 0, 0
L -697, -349, -2652,  -697, -349, -2652,  0, 0, 0
L -697, -349, -2652,  -697, -349, -2652,  0, 0, 0
L -697, -349, -2652,  -697, -349, -2652,  0, 0, 0
L -697, -349, -2652,  -696, -377, -2659,  0, 0, 0
L -696, -377, -2659,  -685, -395, -2667,  0, 0, 0
L -939, -1442, -2259,  -939, -1442, -2259,  0, 0, 0
L -939, -1442, -2259,  -943, -1503, -2314,  0, 0, 0
L -943, -1503, -2314,  -944, -1521, -2336,  0, 0, 0
L -944, -1521, -2336,  -949, -1581, -2311,  0, 0, 0
L -949, -1581, -2311,  -951, -1611, -2292,  0, 0, 0
L -951, -1611, -2292,  -957, -1673, -2274,  0, 0, 0
L -957, -1673, -2274,  -959, -1701, -2255,  0, 0, 0
L -959, -1701, -2255,  -963, -1740, -2257,  0, 0, 0
L -963, -1740, -2257,  -967, -1791, -2264,  0, 0, 0
L -967, -1791, -2264,  -967, -1801, -2256,  0, 0, 0
L -967, -1801, -2256,  -970, -1924, -2322,  0, 0, 0
L -970, -1924, -2322,  -969, -1973, -2341,  0, 0, 0
L -969, -1973, -2341,  -969, -1998, -2301,  0, 0, 0
L -969, -1998, -2301,  -969, -2016, -2356,  0, 0, 0
L -969, -2016, -2356,  -969, -2016, -2356,  0, 0, 0
L -969, -2016, -2356,  -969, -2047, -2357,  0, 0, 0
L -969, -2047, -2357,  -970, -2107, -2364,  0, 0, 0
L -970, -2107, -2364,  -970, -2107, -2364,  0, 0, 0
L -970, -2107, -2364,  -968, -2165, -2248,  0, 0, 0
L -968, -2165, -2248,  -971, -2186, -2268,  0, 0, 0
L -971, -2186, -2268,  -972, -2210, -2230,  0, 0, 0
L -972, -2210, -2230,  -969, -2251, -2083,  0, 0, 0
L -969, -2251, -2083,  -968, -2350, -2192,  0, 0, 0
L -968, -2350, -2192,  -973, -2384, -2121,  0, 0, 0
L -973, -2384, -2121,  -973, -2384, -2121,  0, 0, 0
L -973, -2384, -2121,  -985, -2390, -2225,  0, 0, 0
L -985, -2390, -2225,  -985, -2390, -2225,  0, 0, 0
L -985, -2390, -2225,  -1006, -2396, -2298,  0, 0, 0
L -1006, -2396, -2298,  -1006, -2396, -2298,  0, 0, 0
L -1006, -2396, -2298,  -1034, -2401, -2333,  0, 0, 0
L -1034, -2401, -2333,  -1063, -2407, -2333,  0, 0, 0
L -1063, -2407, -2333,  -1092, -2412, -2314,  0, 0, 0
L -1092, -2412, -2314,  -1122, -2418, -2296,  0, 0, 0
L -1122, -2418, -2296,  -1151, -2423, -2287,  0, 0, 0
L -1151, -2423, -2287,  -1151, -2423, -2287,  0, 0, 0
L -1151, -2423, -2287,  -1181, -2429, -2269,  0, 0, 0
L -1181, -2429, -2269,  -1211, -2434, -2251,  0, 0, 0
L -1211, -2434, -2251,  -1241, -2440, -2232,  0, 0, 0
L -1241, -2440, -2232,  -1270, -2445, -2240,  0, 0, 0
L -1270, -2445, -2240,  -1300, -2451, -2240,  0, 0, 0
L -1300, -2451, -2240,  -1330, -2457, -2240,  0, 0, 0
L -1330, -2457, -2240,  -1360, -2461, -2192,  0, 0, 0
L -1360, -2461, -2192,  -1379, -2463, -2157,  0, 0, 0
L -1379, -2463, -2157,  -1397, -2466, -2163,  0, 0, 0
L -1397, -2466, -2163,  -1429, -2470, -2203,  0, 0, 0
L -1429, -2470, -2203,  -1450, -2472, -2193,  0, 0, 0
L -1450, -2472, -2193,  -1475, -2475, -2161,  0, 0, 0
L -1475, -2475, -2161,  -1493, -2477, -2182,  0, 0, 0
L -1493, -2477, -2182,  -1519, -2480, -2225,  0, 0, 0
L -1519, -2480, -2225,  -1558, -2470, -2293,  0, 0, 0
L -1558, -2470, -2293,  -1558, -2470, -2293,  0, 0, 0
L -1558, -2470, -2293,  -1586, -2458, -2349,  0, 0, 0
L -1586, -2458, -2349,  -1606, -2448, -2355,  0, 0, 0
L -1606, -2448, -2355,  -1632, -2436, -2347,  0, 0, 0
L -1632, -2436, -2347,  -1651, -2428, -2230,  0, 0, 0
L -1651, -2428, -2230,  -1679, -2416, -2117,  0, 0, 0
L -1679, -2416, -2117,  -1679, -2416, -2117,  0, 0, 0
L -1679, -2416, -2117,  -1687, -2413, -2129,  0, 0, 0
L -1687, -2413, -2129,  -1714, -2402, -2219,  0, 0, 0
L -1714, -2402, -2219,  -1741, -2392, -2276,  0, 0, 0
L -1741, -2392, -2276,  -1769, -2385, -2335,  0, 0, 0
L -1769, -2385, -2335,  -1788, -2380, -2336,  0, 0, 0
L -1788, -2380, -2336,  -1819, -2372, -2306,  0, 0, 0
L -1819, -2372, -2306,  -1759, -2388, -2306,  0, 0, 0
L -1759, -2388, -2306,  -1840, -2366, -2285,  0, 0, 0
L -1840, -2366, -2285,  -1877, -2356, -2260,  0, 0, 0
L -1877, -2356, -2260,  -1904, -2349, -2234,  0, 0, 0
L -1904, -2349, -2234,  -1967, -2332, -2238,  0, 0, 0
L -1967, -2332, -2238,  -1980, -2320, -2256,  0, 0, 0
L -1980, -2320, -2256,  -2003, -2297, -2289,  0, 0, 0
L -2003, -2297, -2289,  -2018, -2282, -2310,  0, 0, 0
L -2018, -2282, -2310,  -2040, -2261, -2341,  0, 0, 0
L -2040, -2261, -2341,  -2062, -2239, -2336,  0, 0, 0
L -2062, -2239, -2336,  -2083, -2218, -2321,  0, 0, 0
L -2083, -2218, -2321,  -2105, -2197, -2306,  0, 0, 0
L -2105, -2197, -2306,  -2127, -2175, -2291,  0, 0, 0
L -2127, -2175, -2291,  -2164, -2139, -2278,  0, 0, 0
L -2164, -2139, -2278,  -2189, -2114, -2260,  0, 0, 0
L -2189, -2114, -2260,  -2189, -2114, -2260,  0, 0, 0
L -2189, -2114, -2260,  -2240, -2064, -2247,  0, 0, 0
L -2240, -2064, -2247,  -2262, -2042, -2247,  0, 0, 0
L -2262, -2042, -2247,  -2278, -2027, -2247,  0, 0, 0
L -2278, -2027, -2247,  -2299, -2006, -2247,  0, 0, 0
L -2299, -2006, -2247,  -2308, -1983, -2346,  0, 0, 0
L -2308, -1983, -2346,  -2308, -1974, -2343,  0, 0, 0
L -2308, -1974, -2343,  -2308, -1955, -2330,  0, 0, 0
L -2308, -1955, -2330,  -2308, -1943, -2324,  0, 0, 0
L -2308, -1943, -2324,  -2308, -1913, -2308,  0, 0, 0
L -2308, -1913, -2308,  -2308, -1883, -2293,  0, 0, 0
L -2308, -1883, -2293,  -2308, -1853, -2287,  0, 0, 0
L -2308, -1853, -2287,  -2308, -1823, -2272,  0, 0, 0
L -2308, -1823, -2272,  -2308, -1793, -2256,  0, 0, 0
L -2308, -1793, -2256,  -2308, -1763, -2240,  0, 0, 0
L -2308, -1763, -2240,  -2308, -1734, -2240,  0, 0, 0
L -2308, -1734, -2240,  -2308, -1704, -2240,  0, 0, 0
L -2308, -1704, -2240,  -2308, -1674, -2240,  0, 0, 0
L -2308, -1674, -2240,  -2305, -1637, -2138,  0, 0, 0
L -2305, -1637, -2138,  -2258, -1634, -2291,  0, 0, 0
L -2258, -1634, -2291,  -2258, -1634, -2291,  0, 0, 0
L -2258, -1634, -2291,  -2231, -1634, -2319,  0, 0, 0
L -2231, -1634, -2319,  -2201, -1634, -2344,  0, 0, 0
L -2201, -1634, -2344,  -2168, -1634, -2323,  0, 0, 0
L -2168, -1634, -2323,  -2141, -1634, -2308,  0, 0, 0
L -2141, -1634, -2308,  -2111, -1634, -2291,  0, 0, 0
L -2111, -1634, -2291,  -2081, -1634, -2285,  0, 0, 0
L -2081, -1634, -2285,  -2051, -1634, -2269,  0, 0, 0
L -2051, -1634, -2269,  -2000, -1634, -2241,  0, 0, 0
L -2000, -1634, -2241,  -1981, -1634, -2231,  0, 0, 0
L -1981, -1634, -2231,  -1952, -1634, -2240,  0, 0, 0
L -1952, -1634, -2240,  -1931, -1634, -2240,  0, 0, 0
L -1931, -1634, -2240,  -1901, -1634, -2240,  0, 0, 0
L -1901, -1634, -2240,  -1901, -1634, -2240,  0, 0, 0
L -1901, -1634, -2240,  -1844, -1649, -2181,  0, 0, 0
L -1844, -1649, -2181,  -1844, -1649, -2181,  0, 0, 0
L -1844, -1649, -2181,  -1794, -1677, -2216,  0, 0, 0
L -1794, -1677, -2216,  -1771, -1689, -2240,  0, 0, 0
L -1771, -1689, -2240,  -1745, -1702, -2178,  0, 0, 0
L -1745, -1702, -2178,  -1718, -1716, -2174,  0, 0, 0
L -1718, -1716, -2174,  -1685, -1734, -2234,  0, 0, 0
L -1685, -1734, -2234,  -1644, -1709, -2274,  0, 0, 0
L -1644, -1709, -2274,  -1644, -1709, -2274,  0, 0, 0
L -1644, -1709, -2274,  -1644, -1709, -2274,  0, 0, 0
L -1644, -1709, -2274,  -1644, -1709, -2274,  0, 0, 0
L -1644, -1709, -2274,  -1599, -1676, -2292,  0, 0, 0
L -1599, -1676, -2292,  -1585, -1666, -2303,  0, 0, 0
L -1585, -1666, -2303,  -1580, -1666, -2254,  0, 0, 0
L -1580, -1666, -2254,  -1576, -1666, -2207,  0, 0, 0
L -1576, -1666, -2207,  -1551, -1663, -2076,  0, 0, 0
L -1551, -1663, -2076,  -1519, -1642, -1948,  0, 0, 0
L -1519, -1642, -1948,  -1513, -1634, -2061,  0, 0, 0
L -1513, -1634, -2061,  -1513, -1634, -2061,  0, 0, 0
L -1513, -1634, -2061,  -1485, -1601, -2282,  0, 0, 0
L -1485, -1601, -2282,  -1485, -1601, -2282,  0, 0, 0
L -1485, -1601, -2282,  -1460, -1575, -2417,  0, 0, 0
L -1460, -1575, -2417,  -1460, -1575, -2417,  0, 0, 0
L -1460, -1575, -2417,  -1429, -1544, -2311,  0, 0, 0
L -1429, -1544, -2311,  -1429, -1544, -2311,  0, 0, 0
L -1429, -1544, -2311,  -1394, -1519, -2170,  0, 0, 0
L -1394, -1519, -2170,  -1394, -1519, -2170,  0, 0, 0
L -1394, -1519, -2170,  -1347, -1484, -2230,  0, 0, 0
L -1347, -1484, -2230,  -1347, -1484, -2230,  0, 0, 0
L -1347, -1484, -2230,  -1347, -1484, -2230,  0, 0, 0
L -1347, -1484, -2230,  -1320, -1463, -2249,  0, 0, 0
L -1320, -1463, -2249,  -1297, -1444, -2250,  0, 0, 0
L -1297, -1444, -2250,  -1289, -1444, -2267,  0, 0, 0
L -1289, -1444, -2267,  -1266, -1444, -2268,  0, 0, 0
L -1266, -1444, -2268,  -1266, -1444, -2268,  0, 0, 0
L -1266, -1444, -2268,  -1227, -1443, -2311,  0, 0, 0
L -1227, -1443, -2311,  -1203, -1442, -2334,  0, 0, 0
L -1203, -1442, -2334,  -1203, -1442, -2334,  0, 0, 0
L -1203, -1442, -2334,  -1157, -1442, -2352,  0, 0, 0
L -1157, -1442, -2352,  -1138, -1443, -2355,  0, 0, 0
L -1138, -1443, -2355,  -1138, -1443, -2355,  0, 0, 0
L -1138, -1443, -2355,  -1098, -1443, -2367,  0, 0, 0
L -1098, -1443, -2367,  -1087, -1442, -2346,  0, 0, 0
L -1087, -1442, -2346,  -1066, -1442, -2338,  0, 0, 0
L -1854, -1982, -1226,  -1854, -1982, -1226,  0, 0, 0
L -1854, -1982, -1226,  -1821, -1974, -1226,  0, 0, 0
L -1821, -1974, -1226,  -1754, -1991, -1176,  0, 0, 0
L -1754, -1991, -1176,  -1704, -1989, -1252,  0, 0, 0
L -1704, -1989, -1252,  -1669, -2001, -1325,  0, 0, 0
L -1669, -2001, -1325,  -1601, -2021, -1449,  0, 0, 0
L -1601, -2021, -1449,  -1525, -2044, -1666,  0, 0, 0
L -1525, -2044, -1666,  -1479, -2075, -1695,  0, 0, 0
L -1476, -1970, -1766,  -1476, -1970, -1766,  0, 0, 0
L -1476, -1970, -1766,  -1528, -1992, -1662,  0, 0, 0
L -1528, -1992, -1662,  -1528, -1992, -1662,  0, 0, 0
L -1528, -1992, -1662,  -1567, -1998, -1534,  0, 0, 0
L -1567, -1998, -1534,  -1610, -1978, -1351,  0, 0, 0
L -1610, -1978, -1351,  -1681, -1957, -1314,  0, 0, 0
L -1681, -1957, -1314,  -1747, -1959, -1254,  0, 0, 0
L -1747, -1959, -1254,  -1828, -1937, -1226,  0, 0, 0
L -1828, -1937, -1226,  -1849, -1929, -1226,  0, 0, 0
L -1849, -1929, -1226,  -1853, -1928, -1226,  0, 0, 0
L -1852, -1930, -1226,  -1852, -1930, -1226,  0, 0, 0
L -1852, -1930, -1226,  -1853, -1942, -1226,  0, 0, 0
L -1853, -1942, -1226,  -1891, -1941, -1226,  0, 0, 0
L -1891, -1941, -1226,  -1893, -1943, -1225,  0, 0, 0
L -1893, -1943, -1225,  -1899, -1944, -1183,  0, 0, 0
L -1899, -1944, -1183,  -1927, -1944, -992,  0, 0, 0
L -1927, -1944, -992,  -1927, -1944, -992,  0, 0, 0
L -1927, -1944, -992,  -1943, -1944, -874,  0, 0, 0
L -1943, -1944, -874,  -1957, -1944, -745,  0, 0, 0
L -1957, -1944, -745,  -1957, -1944, -745,  0, 0, 0
L -1957, -1944, -745,  -1957, -1944, -745,  0, 0, 0
L -1957, -1944, -745,  -1987, -1943, -462,  0, 0, 0
L -1987, -1943, -462,  -1987, -1943, -462,  0, 0, 0
L -1987, -1943, -462,  -2017, -1943, -250,  0, 0, 0
L -2017, -1943, -250,  -2035, -1943, -127,  0, 0, 0
L -2035, -1943, -127,  -2035, -1943, -127,  0, 0, 0
L -2035, -1943, -127,  -2067, -1943, 71,  0, 0, 0
L -2067, -1943, 71,  -2075, -1943, 121,  0, 0, 0
L -2075, -1943, 121,  -2075, -1943, 121,  0, 0, 0
L -2075, -1943, 121,  -2080, -1943, 150,  0, 0, 0
L -2080, -1943, 150,  -2082, -1943, 166,  0, 0, 0
L -2082, -1943, 166,  -2089, -1926, 147,  0, 0, 0
L -2089, -1926, 147,  -2096, -1906, 281,  0, 0, 0
L -2096, -1906, 281,  -2093, -1894, 365,  0, 0, 0
L -2093, -1894, 365,  -2095, -1891, 371,  0, 0, 0
L -2095, -1891, 371,  -2098, -1889, 351,  0, 0, 0
L -2098, -1889, 351,  -2098, -1889, 351,  0, 0, 0
L -2098, -1889, 351,  -2135, -1887, 142,  0, 0, 0
L -2135, -1887, 142,  -2135, -1887, 142,  0, 0, 0
L -2135, -1887, 142,  -2154, -1887, 134,  0, 0, 0
L -2154, -1887, 134,  -2154, -1887, 134,  0, 0, 0
L -2154, -1887, 134,  -2182, -1886, 149,  0, 0, 0
L -2182, -1886, 149,  -2182, -1886, 149,  0, 0, 0
L -2182, -1886, 149,  -2182, -1886, 149,  0, 0, 0
L -2182, -1886, 149,  -2215, -1885, 200,  0, 0, 0
L -2215, -1885, 200,  -2243, -1886, 194,  0, 0, 0
L -2243, -1886, 194,  -2243, -1886, 194,  0, 0, 0
L -2243, -1886, 194,  -2268, -1887, 163,  0, 0, 0
L -2268, -1887, 163,  -2268, -1887, 163,  0, 0, 0
L -2268, -1887, 163,  -2302, -1887, 136,  0, 0, 0
L -2302, -1887, 136,  -2330, -1884, 181,  0, 0, 0
L -2330, -1884, 181,  -2330, -1884, 181,  0, 0, 0
L -2330, -1884, 181,  -2335, -1900, 168,  0, 0, 0
L -2335, -1900, 168,  -2335, -1900, 168,  0, 0, 0
L -2335, -1900, 168,  -2344, -1918, 183,  0, 0, 0
L -2344, -1918, 183,  -2344, -1918, 183,  0, 0, 0
L -2344, -1918, 183,  -2353, -1930, 216,  0, 0, 0
L -2353, -1930, 216,  -2370, -1935, 183,  0, 0, 0
L -2370, -1935, 183,  -2370, -1935, 183,  0, 0, 0
L -2370, -1935, 183,  -2370, -1953, 183,  0, 0, 0
L -2370, -1953, 183,  -2370, -1953, 183,  0, 0, 0
L -2370, -1953, 183,  -2370, -1953, 183,  0, 0, 0
L -2370, -1953, 183,  -2371, -1989, 183,  0, 0, 0
L -2371, -1989, 183,  -2371, -1989, 183,  0, 0, 0
L -2371, -1989, 183,  -2371, -1995, 183,  0, 0, 0
L -2371, -1995, 183,  -2371, -2014, 196,  0, 0, 0
L -2371, -2014, 196,  -2359, -2022, 226,  0, 0, 0
L -2359, -2022, 226,  -2359, -2022, 226,  0, 0, 0
L -2359, -2022, 226,  -2350, -2022, 215,  0, 0, 0
L -2350, -2022, 215,  -2350, -2022, 215,  0, 0, 0
L -2350, -2022, 215,  -2317, -2022, 169,  0, 0, 0
L -2317, -2022, 169,  -2294, -2022, 159,  0, 0, 0
L -2294, -2022, 159,  -2294, -2022, 159,  0, 0, 0
L -2294, -2022, 159,  -2294, -2022, 159,  0, 0, 0
L -2294, -2022, 159,  -2260, -2023, 212,  0, 0, 0
L -2260, -2023, 212,  -2234, -2021, 218,  0, 0, 0
L -2234, -2021, 218,  -2234, -2021, 218,  0, 0, 0
L -2234, -2021, 218,  -2234, -2021, 218,  0, 0, 0
L -2234, -2021, 218,  -2202, -2020, 183,  0, 0, 0
L -2202, -2020, 183,  -2202, -2020, 183,  0, 0, 0
L -2202, -2020, 183,  -2171, -2021, 160,  0, 0, 0
L -2171, -2021, 160,  -2171, -2021, 160,  0, 0, 0
L -2171, -2021, 160,  -2141, -2022, 160,  0, 0, 0
L -2141, -2022, 160,  -2141, -2022, 160,  0, 0, 0
L -2141, -2022, 160,  -2120, -2023, 205,  0, 0, 0
L -2120, -2023, 205,  -2100, -2021, 196,  0, 0, 0
L -2100, -2021, 196,  -2100, -2021, 196,  0, 0, 0
L -2100, -2021, 196,  -2088, -2020, 215,  0, 0, 0
L -2088, -2020, 215,  -2088, -2020, 215,  0, 0, 0
L -2088, -2020, 215,  -2088, -2020, 215,  0, 0, 0
L -2088, -2020, 215,  -2088, -1997, 163,  0, 0, 0
L -2088, -1997, 163,  -2088, -1997, 163,  0, 0, 0
L -2088, -1997, 163,  -2087, -1967, 174,  0, 0, 0
L -2087, -1967, 174,  -2087, -1967, 174,  0, 0, 0
L -2087, -1967, 174,  -2074, -1964, 125,  0, 0, 0
L -2074, -1964, 125,  -2074, -1964, 125,  0, 0, 0
L -2074, -1964, 125,  -2046, -1965, -49,  0, 0, 0
L -2046, -1965, -49,  -2046, -1965, -49,  0, 0, 0
L -2046, -1965, -49,  -2046, -1965, -49,  0, 0, 0
L -2046, -1965, -49,  -2031, -1966, -138,  0, 0, 0
L -2031, -1966, -138,  -2031, -1966, -138,  0, 0, 0
L -2031, -1966, -138,  -2002, -1966, -346,  0, 0, 0
L -2002, -1966, -346,  -2002, -1966, -346,  0, 0, 0
L -2002, -1966, -346,  -1971, -1966, -583,  0, 0, 0
L -1971, -1966, -583,  -1971, -1966, -583,  0, 0, 0
L -1971, -1966, -583,  -1941, -1966, -868,  0, 0, 0
L -1941, -1966, -868,  -1941, -1966, -868,  0, 0, 0
L -1941, -1966, -868,  -1911, -1966, -1093,  0, 0, 0
L -1911, -1966, -1093,  -1911, -1966, -1093,  0, 0, 0
L -1911, -1966, -1093,  -1887, -1967, -1226,  0, 0, 0
L -1887, -1967, -1226,  -1889, -1968, -1226,  0, 0, 0
L -1889, -1968, -1226,  -1889, -1968, -1226,  0, 0, 0
L -1889, -1968, -1226,  -1866, -1967, -1226,  0, 0, 0
L -1866, -1967, -1226,  -1866, -1967, -1226,  0, 0, 0
L -1866, -1967, -1226,  -1866, -1967, -1226,  0, 0, 0
L -1866, -1967, -1226,  -1866, -1967, -1226,  0, 0, 0
L -1866, -1967, -1226,  -1852, -1970, -1226,  0, 0, 0
L -1852, -1970, -1226,  -1853, -1981, -1226,  0, 0, 0
L -1853, -1981, -1226,  -1855, -1981, -1226,  0, 0, 0
L -1336, -2253, -3086,  -1336, -2253, -3086,  0, 0, 0
L -1336, -2253, -3086,  -1349, -2238, -3086,  0, 0, 0
L -1349, -2238, -3086,  -1349, -2209, -3086,  0, 0, 0
L -1349, -2209, -3086,  -1349, -2209, -3086,  0, 0, 0
L -1349, -2209, -3086,  -1349, -2136, -3425,  0, 0, 0
L -1349, -2136, -3425,  -1349, -2043, -3903,  0, 0, 0
L -1349, -2043, -3903,  -1349, -2015, -4083,  0, 0, 0
L -1349, -2015, -4083,  -1332, -2013, -4103,  0, 0, 0
L -1332, -2013, -4103,  -1309, -1988, -4104,  0, 0, 0
L -1309, -1988, -4104,  -1291, -1990, -4057,  0, 0, 0
L -1291, -1990, -4057,  -1290, -1954, -4096,  0, 0, 0
L -1290, -1954, -4096,  -1290, -1954, -4096,  0, 0, 0
L -1290, -1954, -4096,  -1291, -1865, -4061,  0, 0, 0
L -1291, -1865, -4061,  -1291, -1865, -4061,  0, 0, 0
L -1291, -1865, -4061,  -1291, -1865, -4061,  0, 0, 0
L -1291, -1865, -4061,  -1275, -1839, -4182,  0, 0, 0
L -1275, -1839, -4182,  -1255, -1798, -4261,  0, 0, 0
L -1255, -1798, -4261,  -1255, -1798, -4261,  0, 0, 0
L -1255, -1798, -4261,  -1255, -1798, -4261,  0, 0, 0
L -1255, -1798, -4261,  -1244, -1754, -4464,  0, 0, 0
L -1385, -2250, -3062,  -1385, -2250, -3062,  0, 0, 0
L -1385, -2250, -3062,  -1375, -2250, -3086,  0, 0, 0
L -1375, -2250, -3086,  -1375, -2250, -3086,  0, 0, 0
L -1375, -2250, -3086,  -1371, -2205, -3103,  0, 0, 0
L -1371, -2205, -3103,  -1371, -2205, -3103,  0, 0, 0
L -1371, -2205, -3103,  -1372, -2124, -3495,  0, 0, 0
L -1372, -2124, -3495,  -1372, -2078, -3715,  0, 0, 0
L -1372, -2078, -3715,  -1375, -2012, -4102,  0, 0, 0
L -1375, -2012, -4102,  -1428, -2014, -4034,  0, 0, 0
L -1428, -2014, -4034,  -1429, -1989, -4044,  0, 0, 0
L -1429, -1989, -4044,  -1429, -1974, -4065,  0, 0, 0
L -1429, -1974, -4065,  -1429, -1935, -4086,  0, 0, 0
L -1429, -1935, -4086,  -1429, -1889, -4030,  0, 0, 0
L -1429, -1889, -4030,  -1428, -1863, -4059,  0, 0, 0
L -1428, -1863, -4059,  -1445, -1840, -4199,  0, 0, 0
L -1445, -1840, -4199,  -1457, -1817, -4278,  0, 0, 0
L -1457, -1817, -4278,  -1473, -1783, -4268,  0, 0, 0
L -1473, -1783, -4268,  -1477, -1708, -4278,  0, 0, 0
L -1477, -1708, -4278,  -1477, -1701, -4340,  0, 0, 0
L -1477, -1701, -4340,  -1477, -1691, -4462,  0, 0, 0
L -1241, -1755, -4463,  -1241, -1755, -4463,  0, 0, 0
L -1241, -1755, -4463,  -1200, -1755, -4477,  0, 0, 0
L -1200, -1755, -4477,  -1200, -1755, -4477,  0, 0, 0
L -1200, -1755, -4477,  -1200, -1755, -4477,  0, 0, 0
L -1200, -1755, -4477,  -1130, -1755, -4550,  0, 0, 0
L -1130, -1755, -4550,  -1130, -1755, -4550,  0, 0, 0
L -1130, -1755, -4550,  -1131, -1766, -4476,  0, 0, 0
L -1131, -1766, -4476,  -1108, -1783, -4479,  0, 0, 0
L -1108, -1783, -4479,  -1108, -1783, -4479,  0, 0, 0
L -1108, -1783, -4479,  -1108, -1783, -4479,  0, 0, 0
L -1108, -1783, -4479,  -1060, -1804, -4467,  0, 0, 0
L -1060, -1804, -4467,  -1060, -1804, -4467,  0, 0, 0
L -1060, -1804, -4467,  -1007, -1803, -4483,  0, 0, 0
L -1007, -1803, -4483,  -1007, -1803, -4483,  0, 0, 0
L -1007, -1803, -4483,  -1007, -1803, -4483,  0, 0, 0
L -1007, -1803, -4483,  -1007, -1803, -4483,  0, 0, 0
L -1007, -1803, -4483,  -982, -1815, -4281,  0, 0, 0
L -982, -1815, -4281,  -982, -1854, -4280,  0, 0, 0
L -982, -1854, -4280,  -982, -1854, -4280,  0, 0, 0
L -982, -1854, -4280,  -982, -1854, -4280,  0, 0, 0
L -982, -1854, -4280,  -981, -1879, -4296,  0, 0, 0
L -981, -1879, -4296,  -981, -1879, -4296,  0, 0, 0
L -981, -1879, -4296,  -953, -1881, -4326,  0, 0, 0
L -953, -1881, -4326,  -953, -1881, -4326,  0, 0, 0
L -953, -1881, -4326,  -929, -1882, -4348,  0, 0, 0
L -929, -1882, -4348,  -929, -1882, -4348,  0, 0, 0
L -929, -1882, -4348,  -881, -1882, -4328,  0, 0, 0
L -881, -1882, -4328,  -881, -1882, -4328,  0, 0, 0
L -881, -1882, -4328,  -837, -1871, -4299,  0, 0, 0
L -837, -1871, -4299,  -837, -1871, -4299,  0, 0, 0
L -837, -1871, -4299,  -837, -1871, -4299,  0, 0, 0
L -837, -1871, -4299,  -837, -1871, -4299,  0, 0, 0
L -837, -1871, -4299,  -813, -1818, -4364,  0, 0, 0
L -813, -1818, -4364,  -813, -1818, -4364,  0, 0, 0
L -813, -1818, -4364,  -813, -1818, -4364,  0, 0, 0
L -813, -1818, -4364,  -813, -1818, -4364,  0, 0, 0
L -813, -1818, -4364,  -788, -1766, -4311,  0, 0, 0
L -788, -1766, -4311,  -788, -1766, -4311,  0, 0, 0
L -788, -1766, -4311,  -777, -1729, -4303,  0, 0, 0
L -777, -1729, -4303,  -777, -1729, -4303,  0, 0, 0
L -777, -1729, -4303,  -777, -1729, -4303,  0, 0, 0
L -777, -1729, -4303,  -776, -1668, -4340,  0, 0, 0
L -776, -1668, -4340,  -776, -1668, -4340,  0, 0, 0
L -776, -1668, -4340,  -776, -1668, -4340,  0, 0, 0
L -776, -1668, -4340,  -776, -1633, -4290,  0, 0, 0
L -776, -1633, -4290,  -776, -1633, -4290,  0, 0, 0
L -776, -1633, -4290,  -789, -1628, -4332,  0, 0, 0
L -789, -1628, -4332,  -828, -1613, -4349,  0, 0, 0
L -828, -1613, -4349,  -828, -1613, -4349,  0, 0, 0
L -828, -1613, -4349,  -828, -1613, -4349,  0, 0, 0
L -828, -1613, -4349,  -895, -1597, -4501,  0, 0, 0
L -895, -1597, -4501,  -895, -1597, -4501,  0, 0, 0
L -895, -1597, -4501,  -895, -1597, -4501,  0, 0, 0
L -895, -1597, -4501,  -886, -1594, -4467,  0, 0, 0
L -886, -1594, -4467,  -886, -1594, -4467,  0, 0, 0
L -886, -1594, -4467,  -885, -1552, -4475,  0, 0, 0
L -885, -1552, -4475,  -885, -1552, -4475,  0, 0, 0
L -885, -1552, -4475,  -900, -1477, -4496,  0, 0, 0
L -900, -1477, -4496,  -900, -1477, -4496,  0, 0, 0
L -900, -1477, -4496,  -900, -1477, -4496,  0, 0, 0
L -900, -1477, -4496,  -900, -1477, -4496,  0, 0, 0
L -900, -1477, -4496,  -900, -1477, -4496,  0, 0, 0
L -900, -1477, -4496,  -900, -1477, -4496,  0, 0, 0
L -900, -1477, -4496,  -949, -1374, -4723,  0, 0, 0
L -949, -1374, -4723,  -949, -1374, -4723,  0, 0, 0
L -949, -1374, -4723,  -949, -1374, -4723,  0, 0, 0
L -949, -1374, -4723,  -949, -1374, -4723,  0, 0, 0
L -949, -1374, -4723,  -949, -1374, -4723,  0, 0, 0
L -949, -1374, -4723,  -949, -1374, -4723,  0, 0, 0
L -949, -1374, -4723,  -949, -1374, -4723,  0, 0, 0
L -949, -1374, -4723,  -1007, -1281, -4741,  0, 0, 0
L -1007, -1281, -4741,  -1007, -1281, -4741,  0, 0, 0
L -1007, -1281, -4741,  -1007, -1281, -4741,  0, 0, 0
L -1007, -1281, -4741,  -1007, -1281, -4741,  0, 0, 0
L -1007, -1281, -4741,  -1007, -1281, -4741,  0, 0, 0
L -1007, -1281, -4741,  -1007, -1281, -4741,  0, 0, 0
L -1007, -1281, -4741,  -1007, -1281, -4741,  0, 0, 0
L -1007, -1281, -4741,  -1007, -1281, -4741,  0, 0, 0
L -1007, -1281, -4741,  -1139, -1276, -4698,  0, 0, 0
L -1139, -1276, -4698,  -1139, -1276, -4698,  0, 0, 0
L -1139, -1276, -4698,  -1139, -1276, -4698,  0, 0, 0
L -1139, -1276, -4698,  -1139, -1276, -4698,  0, 0, 0
L -1139, -1276, -4698,  -1139, -1276, -4698,  0, 0, 0
L -1139, -1276, -4698,  -1139, -1276, -4698,  0, 0, 0
L -1139, -1276, -4698,  -1139, -1276, -4698,  0, 0, 0
L -1139, -1276, -4698,  -1139, -1276, -4698,  0, 0, 0
L -1134, -1317, -4712,  -1134, -1317, -4712,  0, 0, 0
L -1134, -1317, -4712,  -1109, -1317, -4719,  0, 0, 0
L -1109, -1317, -4719,  -1109, -1317, -4719,  0, 0, 0
L -1109, -1317, -4719,  -1109, -1317, -4719,  0, 0, 0
L -1109, -1317, -4719,  -1064, -1317, -4732,  0, 0, 0
L -1064, -1317, -4732,  -1064, -1317, -4732,  0, 0, 0
L -1064, -1317, -4732,  -1064, -1317, -4732,  0, 0, 0
L -1064, -1317, -4732,  -990, -1327, -4736,  0, 0, 0
L -990, -1327, -4736,  -990, -1327, -4736,  0, 0, 0
L -990, -1327, -4736,  -990, -1327, -4736,  0, 0, 0
L -990, -1327, -4736,  -993, -1346, -4715,  0, 0, 0
L -993, -1346, -4715,  -993, -1346, -4715,  0, 0, 0
L -993, -1346, -4715,  -993, -1346, -4715,  0, 0, 0
L -993, -1346, -4715,  -979, -1404, -4588,  0, 0, 0
L -979, -1404, -4588,  -979, -1404, -4588,  0, 0, 0
L -979, -1404, -4588,  -979, -1404, -4588,  0, 0, 0
L -979, -1404, -4588,  -979, -1404, -4588,  0, 0, 0
L -979, -1404, -4588,  -979, -1404, -4588,  0, 0, 0
L -979, -1404, -4588,  -979, -1404, -4588,  0, 0, 0
L -979, -1404, -4588,  -979, -1404, -4588,  0, 0, 0
L -979, -1404, -4588,  -979, -1404, -4588,  0, 0, 0
L -979, -1404, -4588,  -929, -1496, -4474,  0, 0, 0
L -929, -1496, -4474,  -929, -1496, -4474,  0, 0, 0
L -929, -1496, -4474,  -929, -1496, -4474,  0, 0, 0
L -929, -1496, -4474,  -929, -1496, -4474,  0, 0, 0
L -929, -1496, -4474,  -929, -1496, -4474,  0, 0, 0
L -929, -1496, -4474,  -924, -1566, -4546,  0, 0, 0
L -924, -1566, -4546,  -924, -1566, -4546,  0, 0, 0
L -924, -1566, -4546,  -924, -1566, -4546,  0, 0, 0
L -924, -1566, -4546,  -924, -1566, -4546,  0, 0, 0
L -924, -1566, -4546,  -924, -1566, -4546,  0, 0, 0
L -924, -1566, -4546,  -924, -1566, -4546,  0, 0, 0
L -924, -1566, -4546,  -924, -1566, -4546,  0, 0, 0
L -924, -1566, -4546,  -947, -1601, -4331,  0, 0, 0
L -947, -1601, -4331,  -947, -1601, -4331,  0, 0, 0
L -947, -1601, -4331,  -947, -1601, -4331,  0, 0, 0
L -947, -1601, -4331,  -947, -1601, -4331,  0, 0, 0
L -947, -1601, -4331,  -947, -1601, -4331,  0, 0, 0
L -947, -1601, -4331,  -991, -1662, -4390,  0, 0, 0
L -991, -1662, -4390,  -991, -1662, -4390,  0, 0, 0
L -991, -1662, -4390,  -991, -1662, -4390,  0, 0, 0
L -991, -1662, -4390,  -991, -1662, -4390,  0, 0, 0
L -991, -1662, -4390,  -991, -1662, -4390,  0, 0, 0
L -991, -1662, -4390,  -991, -1662, -4390,  0, 0, 0
L -991, -1662, -4390,  -991, -1662, -4390,  0, 0, 0
L -991, -1662, -4390,  -991, -1662, -4390,  0, 0, 0
L -991, -1662, -4390,  -982, -1751, -4357,  0, 0, 0
L -982, -1751, -4357,  -982, -1751, -4357,  0, 0, 0
L -982, -1751, -4357,  -982, -1751, -4357,  0, 0, 0
L -982, -1751, -4357,  -982, -1751, -4357,  0, 0, 0
L -982, -1751, -4357,  -982, -1751, -4357,  0, 0, 0
L -982, -1751, -4357,  -1018, -1761, -4489,  0, 0, 0
L -1018, -1761, -4489,  -1018, -1761, -4489,  0, 0, 0
L -1018, -1761, -4489,  -1018, -1761, -4489,  0, 0, 0
L -1018, -1761, -4489,  -1018, -1761, -4489,  0, 0, 0
L -1018, -1761, -4489,  -1085, -1762, -4479,  0, 0, 0
L -1085, -1762, -4479,  -1085, -1762, -4479,  0, 0, 0
L -1085, -1762, -4479,  -1119, -1733, -4485,  0, 0, 0
L -1119, -1733, -4485,  -1119, -1733, -4485,  0, 0, 0
L -1119, -1733, -4485,  -1119, -1733, -4485,  0, 0, 0
L -1119, -1733, -4485,  -1119, -1733, -4485,  0, 0, 0
L -1119, -1733, -4485,  -1144, -1716, -4485,  0, 0, 0
L -1144, -1716, -4485,  -1144, -1716, -4485,  0, 0, 0
L -1144, -1716, -4485,  -1163, -1713, -4483,  0, 0, 0
L -1163, -1713, -4483,  -1163, -1713, -4483,  0, 0, 0
L -1163, -1713, -4483,  -1235, -1713, -4476,  0, 0, 0
L -1235, -1713, -4476,  -1235, -1713, -4476,  0, 0, 0
L -1235, -1713, -4476,  -1235, -1713, -4476,  0, 0, 0
L -1235, -1713, -4476,  -1235, -1713, -4476,  0, 0, 0
L -1235, -1713, -4476,  -1235, -1713, -4476,  0, 0, 0
L -1235, -1713, -4476,  -1246, -1707, -4386,  0, 0, 0
L -1246, -1707, -4386,  -1246, -1656, -4312,  0, 0, 0
L -1246, -1656, -4312,  -1246, -1656, -4312,  0, 0, 0
L -1246, -1656, -4312,  -1246, -1656, -4312,  0, 0, 0
L -1246, -1656, -4312,  -1246, -1656, -4312,  0, 0, 0
L -1246, -1656, -4312,  -1246, -1656, -4312,  0, 0, 0
L -1246, -1656, -4312,  -1246, -1656, -4312,  0, 0, 0
L -1246, -1656, -4312,  -1244, -1636, -4279,  0, 0, 0
L -1244, -1636, -4279,  -1244, -1635, -4280,  0, 0, 0
L -1244, -1635, -4280,  -1255, -1609, -4329,  0, 0, 0
L -1255, -1609, -4329,  -1255, -1609, -4329,  0, 0, 0
L -1255, -1609, -4329,  -1265, -1595, -4391,  0, 0, 0
L -1265, -1595, -4391,  -1265, -1595, -4391,  0, 0, 0
L -1265, -1595, -4391,  -1295, -1532, -4323,  0, 0, 0
L -1295, -1532, -4323,  -1295, -1532, -4323,  0, 0, 0
L -1295, -1532, -4323,  -1295, -1532, -4323,  0, 0, 0
L -1295, -1532, -4323,  -1295, -1532, -4323,  0, 0, 0
L -1295, -1532, -4323,  -1295, -1532, -4323,  0, 0, 0
L -1295, -1532, -4323,  -1295, -1532, -4323,  0, 0, 0
L -1295, -1532, -4323,  -1403, -1532, -4373,  0, 0, 0
L -1403, -1532, -4373,  -1403, -1532, -4373,  0, 0, 0
L -1403, -1532, -4373,  -1403, -1532, -4373,  0, 0, 0
L -1403, -1532, -4373,  -1403, -1532, -4373,  0, 0, 0
L -1403, -1532, -4373,  -1403, -1532, -4373,  0, 0, 0
L -1403, -1532, -4373,  -1403, -1532, -4373,  0, 0, 0
L -1403, -1532, -4373,  -1403, -1532, -4373,  0, 0, 0
L -1403, -1532, -4373,  -1403, -1532, -4373,  0, 0, 0
L -1403, -1532, -4373,  -1463, -1600, -4336,  0, 0, 0
L -1463, -1600, -4336,  -1463, -1600, -4336,  0, 0, 0
L -1463, -1600, -4336,  -1463, -1600, -4336,  0, 0, 0
L -1463, -1600, -4336,  -1463, -1600, -4336,  0, 0, 0
L -1463, -1600, -4336,  -1463, -1600, -4336,  0, 0, 0
L -1463, -1600, -4336,  -1463, -1600, -4336,  0, 0, 0
L -1463, -1600, -4336,  -1463, -1600, -4336,  0, 0, 0
L -1463, -1600, -4336,  -1484, -1655, -4478,  0, 0, 0
L -1484, -1655, -4478,  -1484, -1655, -4478,  0, 0, 0
L -1484, -1655, -4478,  -1484, -1655, -4478,  0, 0, 0
L -1484, -1655, -4478,  -1484, -1655, -4478,  0, 0, 0
L -1484, -1655, -4478,  -1484, -1655, -4478,  0, 0, 0
L -1484, -1655, -4478,  -1588, -1644, -4495,  0, 0, 0
L -1588, -1644, -4495,  -1588, -1644, -4495,  0, 0, 0
L -1588, -1644, -4495,  -1635, -1607, -4480,  0, 0, 0
L -1635, -1607, -4480,  -1635, -1607, -4480,  0, 0, 0
L -1635, -1607, -4480,  -1635, -1607, -4480,  0, 0, 0
L -1635, -1607, -4480,  -1635, -1607, -4480,  0, 0, 0
L -1635, -1607, -4480,  -1635, -1607, -4480,  0, 0, 0
L -1635, -1607, -4480,  -1635, -1607, -4480,  0, 0, 0
L -1635, -1607, -4480,  -1734, -1602, -4461,  0, 0, 0
L -1734, -1602, -4461,  -1734, -1602, -4461,  0, 0, 0
L -1734, -1602, -4461,  -1734, -1602, -4461,  0, 0, 0
L -1734, -1602, -4461,  -1734, -1602, -4461,  0, 0, 0
L -1734, -1602, -4461,  -1734, -1602, -4461,  0, 0, 0
L -1734, -1602, -4461,  -1734, -1602, -4461,  0, 0, 0
L -1733, -1644, -4469,  -1733, -1644, -4469,  0, 0, 0
L -1733, -1644, -4469,  -1694, -1643, -4493,  0, 0, 0
L -1694, -1643, -4493,  -1694, -1643, -4493,  0, 0, 0
L -1694, -1643, -4493,  -1694, -1643, -4493,  0, 0, 0
L -1694, -1643, -4493,  -1694, -1643, -4493,  0, 0, 0
L -1694, -1643, -4493,  -1694, -1643, -4493,  0, 0, 0
L -1694, -1643, -4493,  -1694, -1643, -4493,  0, 0, 0
L -1694, -1643, -4493,  -1636, -1646, -4488,  0, 0, 0
L -1636, -1646, -4488,  -1636, -1646, -4488,  0, 0, 0
L -1636, -1646, -4488,  -1636, -1646, -4488,  0, 0, 0
L -1636, -1646, -4488,  -1636, -1646, -4488,  0, 0, 0
L -1636, -1646, -4488,  -1636, -1646, -4488,  0, 0, 0
L -1636, -1646, -4488,  -1636, -1646, -4488,  0, 0, 0
L -1636, -1646, -4488,  -1578, -1690, -4496,  0, 0, 0
L -1578, -1690, -4496,  -1578, -1690, -4496,  0, 0, 0
L -1578, -1690, -4496,  -1578, -1690, -4496,  0, 0, 0
L -1578, -1690, -4496,  -1550, -1694, -4502,  0, 0, 0
L -1550, -1694, -4502,  -1520, -1695, -4485,  0, 0, 0
L -1520, -1695, -4485,  -1520, -1695, -4485,  0, 0, 0
L -1520, -1695, -4485,  -1520, -1695, -4485,  0, 0, 0
L -1520, -1695, -4485,  -1480, -1694, -4458,  0, 0, 0
L -1480, -1694, -4458,  -1480, -1694, -4458,  0, 0, 0
L -1480, -1694, -4458,  -1478, -1695, -4450,  0, 0, 0
L -1735, -1643, -4471,  -1735, -1643, -4471,  0, 0, 0
L -1735, -1643, -4471,  -1741, -1664, -4313,  0, 0, 0
L -1741, -1664, -4313,  -1741, -1667, -4309,  0, 0, 0
L -1741, -1667, -4309,  -1740, -1715, -4296,  0, 0, 0
L -1740, -1715, -4296,  -1740, -1715, -4296,  0, 0, 0
L -1740, -1715, -4296,  -1756, -1716, -4337,  0, 0, 0
L -1756, -1716, -4337,  -1781, -1716, -4318,  0, 0, 0
L -1781, -1716, -4318,  -1810, -1720, -4352,  0, 0, 0
L -1810, -1720, -4352,  -1822, -1728, -4335,  0, 0, 0
L -1822, -1728, -4335,  -1822, -1728, -4335,  0, 0, 0
L -1822, -1728, -4335,  -1863, -1744, -4334,  0, 0, 0
L -1863, -1744, -4334,  -1896, -1752, -4296,  0, 0, 0
L -1896, -1752, -4296,  -1896, -1752, -4296,  0, 0, 0
L -1896, -1752, -4296,  -1896, -1752, -4296,  0, 0, 0
L -1896, -1752, -4296,  -1906, -1724, -4358,  0, 0, 0
L -1906, -1724, -4358,  -1906, -1724, -4358,  0, 0, 0
L -1906, -1724, -4358,  -1929, -1679, -4376,  0, 0, 0
L -1929, -1679, -4376,  -1929, -1679, -4376,  0, 0, 0
L -1929, -1679, -4376,  -1929, -1679, -4376,  0, 0, 0
L -1929, -1679, -4376,  -1949, -1635, -4327,  0, 0, 0
L -1949, -1635, -4327,  -1949, -1635, -4327,  0, 0, 0
L -1949, -1635, -4327,  -1958, -1608, -4318,  0, 0, 0
L -1958, -1608, -4318,  -1959, -1579, -4348,  0, 0, 0
L -1959, -1579, -4348,  -1959, -1579, -4348,  0, 0, 0
L -1959, -1579, -4348,  -1960, -1534, -4323,  0, 0, 0
L -1960, -1534, -4323,  -1959, -1509, -4298,  0, 0, 0
L -1959, -1509, -4298,  -1964, -1478, -4328,  0, 0, 0
L -1964, -1478, -4328,  -1964, -1478, -4328,  0, 0, 0
L -1964, -1478, -4328,  -1964, -1478, -4328,  0, 0, 0
L -1964, -1478, -4328,  -1966, -1442, -4392,  0, 0, 0
L -1966, -1442, -4392,  -1934, -1408, -4371,  0, 0, 0
L -1934, -1408, -4371,  -1918, -1400, -4366,  0, 0, 0
L -1918, -1400, -4366,  -1916, -1400, -4365,  0, 0, 0
L -1916, -1400, -4365,  -1882, -1387, -4314,  0, 0, 0
L -1882, -1387, -4314,  -1882, -1387, -4314,  0, 0, 0
L -1882, -1387, -4314,  -1872, -1384, -4301,  0, 0, 0
L -1872, -1384, -4301,  -1849, -1380, -4350,  0, 0, 0
L -1849, -1380, -4350,  -1839, -1381, -4461,  0, 0, 0
L -1839, -1381, -4461,  -1835, -1379, -4462,  0, 0, 0
L -1835, -1379, -4462,  -1837, -1339, -4475,  0, 0, 0
L -1837, -1339, -4475,  -1837, -1339, -4475,  0, 0, 0
L -1837, -1339, -4475,  -1837, -1339, -4475,  0, 0, 0
L -1837, -1339, -4475,  -1837, -1295, -4475,  0, 0, 0
L -1837, -1295, -4475,  -1837, -1295, -4475,  0, 0, 0
L -1837, -1295, -4475,  -1833, -1267, -4475,  0, 0, 0
L -1833, -1267, -4475,  -1833, -1267, -4475,  0, 0, 0
L -1833, -1267, -4475,  -1833, -1267, -4475,  0, 0, 0
L -1833, -1267, -4475,  -1824, -1227, -4477,  0, 0, 0
L -1824, -1227, -4477,  -1824, -1227, -4477,  0, 0, 0
L -1824, -1227, -4477,  -1816, -1178, -4493,  0, 0, 0
L -1816, -1178, -4493,  -1816, -1178, -4493,  0, 0, 0
L -1816, -1178, -4493,  -1816, -1178, -4493,  0, 0, 0
L -1816, -1178, -4493,  -1816, -1178, -4493,  0, 0, 0
L -1816, -1178, -4493,  -1779, -1135, -4478,  0, 0, 0
L -1779, -1135, -4478,  -1779, -1135, -4478,  0, 0, 0
L -1779, -1135, -4478,  -1779, -1135, -4478,  0, 0, 0
L -1779, -1135, -4478,  -1779, -1135, -4478,  0, 0, 0
L -1779, -1135, -4478,  -1720, -1123, -4494,  0, 0, 0
L -1720, -1123, -4494,  -1720, -1123, -4494,  0, 0, 0
L -1720, -1123, -4494,  -1720, -1123, -4494,  0, 0, 0
L -1720, -1123, -4494,  -1691, -1124, -4625,  0, 0, 0
L -1691, -1124, -4625,  -1648, -1123, -4716,  0, 0, 0
L -1648, -1123, -4716,  -1648, -1123, -4716,  0, 0, 0
L -1648, -1123, -4716,  -1648, -1123, -4716,  0, 0, 0
L -1648, -1123, -4716,  -1605, -1115, -4721,  0, 0, 0
L -1605, -1115, -4721,  -1605, -1115, -4721,  0, 0, 0
L -1605, -1115, -4721,  -1605, -1115, -4721,  0, 0, 0
L -1605, -1115, -4721,  -1570, -1109, -4735,  0, 0, 0
L -1570, -1109, -4735,  -1520, -1076, -4720,  0, 0, 0
L -1520, -1076, -4720,  -1520, -1076, -4720,  0, 0, 0
L -1520, -1076, -4720,  -1520, -1076, -4720,  0, 0, 0
L -1520, -1076, -4720,  -1470, -1055, -4709,  0, 0, 0
L -1470, -1055, -4709,  -1470, -1055, -4709,  0, 0, 0
L -1470, -1055, -4709,  -1470, -1055, -4709,  0, 0, 0
L -1470, -1055, -4709,  -1470, -1055, -4709,  0, 0, 0
L -1470, -1055, -4709,  -1402, -1057, -4716,  0, 0, 0
L -1402, -1057, -4716,  -1402, -1057, -4716,  0, 0, 0
L -1402, -1057, -4716,  -1402, -1057, -4716,  0, 0, 0
L -1402, -1057, -4716,  -1402, -1057, -4716,  0, 0, 0
L -1402, -1057, -4716,  -1421, -1056, -4722,  0, 0, 0
L -1739, -1601, -4448,  -1739, -1601, -4448,  0, 0, 0
L -1739, -1601, -4448,  -1762, -1584, -4524,  0, 0, 0
L -1762, -1584, -4524,  -1747, -1570, -4399,  0, 0, 0
L -1747, -1570, -4399,  -1739, -1560, -4279,  0, 0, 0
L -1739, -1560, -4279,  -1740, -1526, -4293,  0, 0, 0
L -1740, -1526, -4293,  -1738, -1480, -4418,  0, 0, 0
L -1738, -1480, -4418,  -1738, -1480, -4418,  0, 0, 0
L -1738, -1480, -4418,  -1731, -1452, -4395,  0, 0, 0
L -1731, -1452, -4395,  -1731, -1452, -4395,  0, 0, 0
L -1731, -1452, -4395,  -1725, -1420, -4359,  0, 0, 0
L -1725, -1420, -4359,  -1722, -1380, -4298,  0, 0, 0
L -1722, -1380, -4298,  -1722, -1380, -4298,  0, 0, 0
L -1722, -1380, -4298,  -1734, -1380, -4298,  0, 0, 0
L -1734, -1380, -4298,  -1734, -1380, -4298,  0, 0, 0
L -1734, -1380, -4298,  -1785, -1379, -4281,  0, 0, 0
L -1785, -1379, -4281,  -1785, -1379, -4281,  0, 0, 0
L -1785, -1379, -4281,  -1785, -1379, -4281,  0, 0, 0
L -1785, -1379, -4281,  -1803, -1371, -4519,  0, 0, 0
L -1803, -1371, -4519,  -1794, -1356, -4477,  0, 0, 0
L -1794, -1356, -4477,  -1794, -1356, -4477,  0, 0, 0
L -1794, -1356, -4477,  -1794, -1356, -4477,  0, 0, 0
L -1794, -1356, -4477,  -1795, -1305, -4509,  0, 0, 0
L -1795, -1305, -4509,  -1795, -1305, -4509,  0, 0, 0
L -1795, -1305, -4509,  -1795, -1305, -4509,  0, 0, 0
L -1795, -1305, -4509,  -1804, -1273, -4545,  0, 0, 0
L -1804, -1273, -4545,  -1786, -1247, -4475,  0, 0, 0
L -1786, -1247, -4475,  -1786, -1247, -4475,  0, 0, 0
L -1786, -1247, -4475,  -1786, -1247, -4475,  0, 0, 0
L -1786, -1247, -4475,  -1778, -1191, -4483,  0, 0, 0
L -1778, -1191, -4483,  -1778, -1191, -4483,  0, 0, 0
L -1778, -1191, -4483,  -1778, -1191, -4483,  0, 0, 0
L -1778, -1191, -4483,  -1778, -1191, -4483,  0, 0, 0
L -1778, -1191, -4483,  -1740, -1163, -4487,  0, 0, 0
L -1740, -1163, -4487,  -1740, -1163, -4487,  0, 0, 0
L -1740, -1163, -4487,  -1740, -1163, -4487,  0, 0, 0
L -1740, -1163, -4487,  -1740, -1163, -4487,  0, 0, 0
L -1740, -1163, -4487,  -1740, -1163, -4487,  0, 0, 0
L -1740, -1163, -4487,  -1740, -1163, -4487,  0, 0, 0
L -1740, -1163, -4487,  -1638, -1160, -4756,  0, 0, 0
L -1638, -1160, -4756,  -1638, -1160, -4756,  0, 0, 0
L -1638, -1160, -4756,  -1638, -1160, -4756,  0, 0, 0
L -1638, -1160, -4756,  -1638, -1160, -4756,  0, 0, 0
L -1638, -1160, -4756,  -1638, -1160, -4756,  0, 0, 0
L -1638, -1160, -4756,  -1638, -1160, -4756,  0, 0, 0
L -1638, -1160, -4756,  -1589, -1154, -4726,  0, 0, 0
L -1589, -1154, -4726,  -1589, -1154, -4726,  0, 0, 0
L -1589, -1154, -4726,  -1589, -1154, -4726,  0, 0, 0
L -1589, -1154, -4726,  -1538, -1132, -4714,  0, 0, 0
L -1538, -1132, -4714,  -1538, -1132, -4714,  0, 0, 0
L -1538, -1132, -4714,  -1538, -1132, -4714,  0, 0, 0
L -1538, -1132, -4714,  -1523, -1120, -4719,  0, 0, 0
L -1523, -1120, -4719,  -1503, -1105, -4720,  0, 0, 0
L -1503, -1105, -4720,  -1503, -1105, -4720,  0, 0, 0
L -1503, -1105, -4720,  -1460, -1096, -4771,  0, 0, 0
L -1460, -1096, -4771,  -1460, -1096, -4771,  0, 0, 0
L -1460, -1096, -4771,  -1460, -1096, -4771,  0, 0, 0
L -1460, -1096, -4771,  -1432, -1096, -4764,  0, 0, 0
L -1432, -1096, -4764,  -1432, -1096, -4764,  0, 0, 0
L -1432, -1096, -4764,  -1412, -1097, -4748,  0, 0, 0
L -1412, -1097, -4748,  -1412, -1097, -4748,  0, 0, 0
L -1412, -1097, -4748,  -1396, -1168, -4519,  0, 0, 0
L -1396, -1168, -4519,  -1421, -1254, -4570,  0, 0, 0
L -1421, -1254, -4570,  -1421, -1254, -4570,  0, 0, 0
L -1421, -1254, -4570,  -1421, -1254, -4570,  0, 0, 0
L -1421, -1254, -4570,  -1421, -1254, -4570,  0, 0, 0
L -1421, -1254, -4570,  -1421, -1254, -4570,  0, 0, 0
L -1421, -1254, -4570,  -1419, -1347, -4438,  0, 0, 0
L -1419, -1347, -4438,  -1419, -1347, -4438,  0, 0, 0
L -1419, -1347, -4438,  -1419, -1347, -4438,  0, 0, 0
L -1419, -1347, -4438,  -1419, -1347, -4438,  0, 0, 0
L -1419, -1347, -4438,  -1419, -1347, -4438,  0, 0, 0
L -1419, -1347, -4438,  -1339, -1398, -4615,  0, 0, 0
L -1339, -1398, -4615,  -1339, -1398, -4615,  0, 0, 0
L -1339, -1398, -4615,  -1339, -1398, -4615,  0, 0, 0
L -1339, -1398, -4615,  -1339, -1398, -4615,  0, 0, 0
L -1339, -1398, -4615,  -1339, -1398, -4615,  0, 0, 0
L -1339, -1398, -4615,  -1339, -1398, -4615,  0, 0, 0
L -1339, -1398, -4615,  -1216, -1424, -4625,  0, 0, 0
L -1216, -1424, -4625,  -1216, -1424, -4625,  0, 0, 0
L -1216, -1424, -4625,  -1216, -1424, -4625,  0, 0, 0
L -1216, -1424, -4625,  -1216, -1424, -4625,  0, 0, 0
L -1216, -1424, -4625,  -1216, -1424, -4625,  0, 0, 0
L -1216, -1424, -4625,  -1216, -1424, -4625,  0, 0, 0
L -1216, -1424, -4625,  -1216, -1424, -4625,  0, 0, 0
L -1216, -1424, -4625,  -1216, -1424, -4625,  0, 0, 0
L -1216, -1424, -4625,  -1173, -1418, -4569,  0, 0, 0
L -1173, -1418, -4569,  -1173, -1418, -4569,  0, 0, 0
L -1173, -1418, -4569,  -1173, -1418, -4569,  0, 0, 0
L -1173, -1418, -4569,  -1145, -1349, -4538,  0, 0, 0
L -1145, -1349, -4538,  -1145, -1349, -4538,  0, 0, 0
L -1145, -1349, -4538,  -1145, -1349, -4538,  0, 0, 0
L -1145, -1349, -4538,  -1145, -1349, -4538,  0, 0, 0
L -1145, -1349, -4538,  -1140, -1318, -4672,  0, 0, 0
L -1140, -1318, -4672,  -1140, -1318, -4672,  0, 0, 0
L -1140, -1318, -4672,  -1140, -1318, -4672,  0, 0, 0
L -1140, -1318, -4672,  -1133, -1310, -4750,  0, 0, 0
L -1138, -1276, -4698,  -1138, -1276, -4698,  0, 0, 0
L -1138, -1276, -4698,  -1141, -1248, -4535,  0, 0, 0
L -1141, -1248, -4535,  -1141, -1248, -4535,  0, 0, 0
L -1141, -1248, -4535,  -1142, -1191, -4538,  0, 0, 0
L -1142, -1191, -4538,  -1142, -1191, -4538,  0, 0, 0
L -1142, -1191, -4538,  -1142, -1191, -4538,  0, 0, 0
L -1142, -1191, -4538,  -1142, -1191, -4538,  0, 0, 0
L -1142, -1191, -4538,  -1142, -1191, -4538,  0, 0, 0
L -1142, -1191, -4538,  -1142, -1191, -4538,  0, 0, 0
L -1142, -1191, -4538,  -1142, -1191, -4538,  0, 0, 0
L -1142, -1191, -4538,  -1188, -1048, -4624,  0, 0, 0
L -1188, -1048, -4624,  -1188, -1048, -4624,  0, 0, 0
L -1188, -1048, -4624,  -1188, -1048, -4624,  0, 0, 0
L -1188, -1048, -4624,  -1188, -1048, -4624,  0, 0, 0
L -1188, -1048, -4624,  -1188, -1048, -4624,  0, 0, 0
L -1188, -1048, -4624,  -1188, -1048, -4624,  0, 0, 0
L -1188, -1048, -4624,  -1188, -1048, -4624,  0, 0, 0
L -1188, -1048, -4624,  -1188, -1048, -4624,  0, 0, 0
L -1188, -1048, -4624,  -1188, -1048, -4624,  0, 0, 0
L -1188, -1048, -4624,  -1235, -988, -4550,  0, 0, 0
L -1235, -988, -4550,  -1235, -988, -4550,  0, 0, 0
L -1235, -988, -4550,  -1235, -988, -4550,  0, 0, 0
L -1235, -988, -4550,  -1235, -988, -4550,  0, 0, 0
L -1235, -988, -4550,  -1235, -988, -4550,  0, 0, 0
L -1235, -988, -4550,  -1235, -988, -4550,  0, 0, 0
L -1235, -988, -4550,  -1283, -962, -4773,  0, 0, 0
L -1283, -962, -4773,  -1283, -962, -4773,  0, 0, 0
L -1283, -962, -4773,  -1282, -922, -4742,  0, 0, 0
L -1282, -922, -4742,  -1282, -922, -4742,  0, 0, 0
L -1282, -922, -4742,  -1282, -922, -4742,  0, 0, 0
L -1282, -922, -4742,  -1282, -922, -4742,  0, 0, 0
L -1282, -922, -4742,  -1282, -922, -4742,  0, 0, 0
L -1282, -922, -4742,  -1305, -841, -4718,  0, 0, 0
L -1305, -841, -4718,  -1305, -841, -4718,  0, 0, 0
L -1305, -841, -4718,  -1305, -841, -4718,  0, 0, 0
L -1305, -841, -4718,  -1305, -841, -4718,  0, 0, 0
L -1305, -841, -4718,  -1304, -824, -4705,  0, 0, 0
L -1304, -824, -4705,  -1305, -799, -4716,  0, 0, 0
L -1305, -799, -4716,  -1305, -793, -4695,  0, 0, 0
L -1305, -793, -4695,  -1229, -789, -4541,  0, 0, 0
L -1229, -789, -4541,  -1229, -789, -4541,  0, 0, 0
L -1229, -789, -4541,  -1229, -789, -4541,  0, 0, 0
L -1229, -789, -4541,  -1229, -789, -4541,  0, 0, 0
L -1229, -789, -4541,  -1229, -789, -4541,  0, 0, 0
L -1229, -789, -4541,  -1229, -789, -4541,  0, 0, 0
L -1229, -789, -4541,  -1227, -773, -4549,  0, 0, 0
L -1227, -773, -4549,  -1227, -773, -4549,  0, 0, 0
L -1227, -773, -4549,  -1227, -773, -4549,  0, 0, 0
L -1227, -773, -4549,  -1227, -752, -4571,  0, 0, 0
L -1227, -752, -4571,  -1226, -723, -4602,  0, 0, 0
L -1226, -723, -4602,  -1226, -702, -4585,  0, 0, 0
L -1226, -702, -4585,  -1226, -669, -4553,  0, 0, 0
L -1226, -669, -4553,  -1226, -669, -4553,  0, 0, 0
L -1226, -669, -4553,  -1226, -669, -4553,  0, 0, 0
L -1226, -669, -4553,  -1226, -669, -4553,  0, 0, 0
L -1226, -669, -4553,  -1273, -629, -4589,  0, 0, 0
L -1273, -629, -4589,  -1273, -629, -4589,  0, 0, 0
L -1273, -629, -4589,  -1273, -629, -4589,  0, 0, 0
L -1273, -629, -4589,  -1273, -629, -4589,  0, 0, 0
L -1273, -629, -4589,  -1273, -629, -4589,  0, 0, 0
L -1273, -629, -4589,  -1273, -629, -4589,  0, 0, 0
L -1273, -629, -4589,  -1273, -629, -4589,  0, 0, 0
L -1273, -629, -4589,  -1350, -594, -4561,  0, 0, 0
L -1350, -594, -4561,  -1350, -594, -4561,  0, 0, 0
L -1350, -594, -4561,  -1350, -594, -4561,  0, 0, 0
L -1350, -594, -4561,  -1350, -594, -4561,  0, 0, 0
L -1350, -594, -4561,  -1350, -594, -4561,  0, 0, 0
L -1350, -594, -4561,  -1419, -584, -4648,  0, 0, 0
L -1419, -584, -4648,  -1419, -584, -4648,  0, 0, 0
L -1419, -584, -4648,  -1419, -584, -4648,  0, 0, 0
L -1419, -584, -4648,  -1419, -584, -4648,  0, 0, 0
L -1419, -584, -4648,  -1419, -584, -4648,  0, 0, 0
L -1419, -584, -4648,  -1476, -584, -4642,  0, 0, 0
L -1476, -584, -4642,  -1476, -584, -4642,  0, 0, 0
L -1476, -584, -4642,  -1476, -584, -4642,  0, 0, 0
L -1476, -584, -4642,  -1479, -592, -4679,  0, 0, 0
L -1479, -592, -4679,  -1479, -592, -4679,  0, 0, 0
L -1479, -592, -4679,  -1495, -633, -4704,  0, 0, 0
L -1495, -633, -4704,  -1495, -633, -4704,  0, 0, 0
L -1495, -633, -4704,  -1495, -633, -4704,  0, 0, 0
L -1495, -633, -4704,  -1510, -672, -4643,  0, 0, 0
L -1510, -672, -4643,  -1510, -672, -4643,  0, 0, 0
L -1510, -672, -4643,  -1502, -702, -4707,  0, 0, 0
L -1502, -702, -4707,  -1502, -702, -4707,  0, 0, 0
L -1502, -702, -4707,  -1502, -702, -4707,  0, 0, 0
L -1502, -702, -4707,  -1502, -702, -4707,  0, 0, 0
L -1502, -702, -4707,  -1495, -725, -4687,  0, 0, 0
L -1495, -725, -4687,  -1489, -759, -4673,  0, 0, 0
L -1489, -759, -4673,  -1489, -759, -4673,  0, 0, 0
L -1489, -759, -4673,  -1489, -759, -4673,  0, 0, 0
L -1489, -759, -4673,  -1489, -784, -4683,  0, 0, 0
L -1489, -784, -4683,  -1489, -784, -4683,  0, 0, 0
L -1489, -784, -4683,  -1465, -799, -4710,  0, 0, 0
L -1465, -799, -4710,  -1448, -799, -4673,  0, 0, 0
L -1448, -799, -4673,  -1448, -799, -4673,  0, 0, 0
L -1448, -799, -4673,  -1411, -796, -4655,  0, 0, 0
L -1411, -796, -4655,  -1411, -796, -4655,  0, 0, 0
L -1411, -796, -4655,  -1411, -796, -4655,  0, 0, 0
L -1411, -796, -4655,  -1383, -792, -4582,  0, 0, 0
L -1383, -792, -4582,  -1383, -792, -4582,  0, 0, 0
L -1383, -792, -4582,  -1354, -789, -4641,  0, 0, 0
L -1354, -789, -4641,  -1354, -789, -4641,  0, 0, 0
L -1354, -789, -4641,  -1354, -789, -4641,  0, 0, 0
L -1354, -789, -4641,  -1354, -789, -4641,  0, 0, 0
L -1354, -789, -4641,  -1343, -848, -4718,  0, 0, 0
L -1343, -848, -4718,  -1343, -848, -4718,  0, 0, 0
L -1343, -848, -4718,  -1343, -848, -4718,  0, 0, 0
L -1343, -848, -4718,  -1343, -848, -4718,  0, 0, 0
L -1343, -848, -4718,  -1343, -848, -4718,  0, 0, 0
L -1343, -848, -4718,  -1343, -848, -4718,  0, 0, 0
L -1343, -848, -4718,  -1323, -911, -4717,  0, 0, 0
L -1323, -911, -4717,  -1323, -911, -4717,  0, 0, 0
L -1323, -911, -4717,  -1323, -911, -4717,  0, 0, 0
L -1323, -911, -4717,  -1323, -911, -4717,  0, 0, 0
L -1323, -911, -4717,  -1323, -911, -4717,  0, 0, 0
L -1323, -911, -4717,  -1323, -960, -4719,  0, 0, 0
L -1323, -960, -4719,  -1323, -960, -4719,  0, 0, 0
L -1323, -960, -4719,  -1323, -960, -4719,  0, 0, 0
L -1323, -960, -4719,  -1323, -960, -4719,  0, 0, 0
L -1323, -960, -4719,  -1323, -960, -4719,  0, 0, 0
L -1323, -960, -4719,  -1369, -988, -4611,  0, 0, 0
L -1369, -988, -4611,  -1369, -988, -4611,  0, 0, 0
L -1369, -988, -4611,  -1369, -988, -4611,  0, 0, 0
L -1369, -988, -4611,  -1369, -988, -4611,  0, 0, 0
L -1369, -988, -4611,  -1369, -988, -4611,  0, 0, 0
L -1369, -988, -4611,  -1369, -988, -4611,  0, 0, 0
L -1369, -988, -4611,  -1369, -988, -4611,  0, 0, 0
L -1369, -988, -4611,  -1369, -988, -4611,  0, 0, 0
L -1369, -988, -4611,  -1396, -1025, -4565,  0, 0, 0
L -1396, -1025, -4565,  -1396, -1025, -4565,  0, 0, 0
L -1396, -1025, -4565,  -1396, -1025, -4565,  0, 0, 0
L -1396, -1025, -4565,  -1396, -1025, -4565,  0, 0, 0
L -1396, -1025, -4565,  -1396, -1025, -4565,  0, 0, 0
L -1396, -1025, -4565,  -1399, -1058, -4719,  0, 0, 0
L -1399, -1058, -4719,  -1399, -1058, -4719,  0, 0, 0
L -1399, -1058, -4719,  -1399, -1058, -4719,  0, 0, 0
L -1399, -1058, -4719,  -1424, -1055, -4712,  0, 0, 0
L -1474, -780, -4820,  -1474, -780, -4820,  0, 0, 0
L -1474, -780, -4820,  -1476, -768, -4808,  0, 0, 0
L -1476, -768, -4808,  -1476, -768, -4808,  0, 0, 0
L -1476, -768, -4808,  -1479, -744, -4798,  0, 0, 0
L -1479, -744, -4798,  -1483, -720, -4829,  0, 0, 0
L -1483, -720, -4829,  -1483, -720, -4829,  0, 0, 0
L -1483, -720, -4829,  -1483, -720, -4829,  0, 0, 0
L -1483, -720, -4829,  -1496, -665, -4822,  0, 0, 0
L -1496, -665, -4822,  -1496, -665, -4822,  0, 0, 0
L -1496, -665, -4822,  -1496, -665, -4822,  0, 0, 0
L -1496, -665, -4822,  -1496, -665, -4822,  0, 0, 0
L -1496, -665, -4822,  -1496, -665, -4822,  0, 0, 0
L -1496, -665, -4822,  -1496, -665, -4822,  0, 0, 0
L -1496, -665, -4822,  -1478, -620, -4817,  0, 0, 0
L -1478, -620, -4817,  -1478, -620, -4817,  0, 0, 0
L -1478, -620, -4817,  -1478, -620, -4817,  0, 0, 0
L -1478, -620, -4817,  -1478, -620, -4817,  0, 0, 0
L -1478, -620, -4817,  -1478, -620, -4817,  0, 0, 0
L -1478, -620, -4817,  -1466, -599, -4849,  0, 0, 0
L -1466, -599, -4849,  -1466, -599, -4849,  0, 0, 0
L -1466, -599, -4849,  -1428, -608, -4824,  0, 0, 0
L -1428, -608, -4824,  -1428, -608, -4824,  0, 0, 0
L -1428, -608, -4824,  -1428, -608, -4824,  0, 0, 0
L -1428, -608, -4824,  -1417, -609, -4825,  0, 0, 0
L -1417, -609, -4825,  -1400, -610, -4829,  0, 0, 0
L -1400, -610, -4829,  -1417, -627, -4828,  0, 0, 0
L -1417, -627, -4828,  -1417, -627, -4828,  0, 0, 0
L -1417, -627, -4828,  -1419, -631, -4828,  0, 0, 0
L -1419, -631, -4828,  -1405, -634, -4822,  0, 0, 0
L -1405, -634, -4822,  -1411, -669, -4825,  0, 0, 0
L -1411, -669, -4825,  -1411, -669, -4825,  0, 0, 0
L -1411, -669, -4825,  -1422, -700, -4822,  0, 0, 0
L -1422, -700, -4822,  -1422, -700, -4822,  0, 0, 0
L -1422, -700, -4822,  -1405, -724, -4828,  0, 0, 0
L -1405, -724, -4828,  -1405, -724, -4828,  0, 0, 0
L -1405, -724, -4828,  -1405, -724, -4828,  0, 0, 0
L -1405, -724, -4828,  -1385, -769, -4818,  0, 0, 0
L -1385, -769, -4818,  -1385, -769, -4818,  0, 0, 0
L -1385, -769, -4818,  -1385, -769, -4818,  0, 0, 0
L -1385, -769, -4818,  -1441, -784, -4860,  0, 0, 0
L -1441, -784, -4860,  -1441, -784, -4860,  0, 0, 0
L -1441, -784, -4860,  -1441, -784, -4860,  0, 0, 0
L -1441, -784, -4860,  -1441, -784, -4860,  0, 0, 0
L -1441, -784, -4860,  -1441, -784, -4860,  0, 0, 0
L -1441, -784, -4860,  -1441, -784, -4860,  0, 0, 0
L -1441, -784, -4860,  -1472, -782, -4824,  0, 0, 0
L -1472, -782, -4824,  -1473, -778, -4824,  0, 0, 0
P 550, 1360, 0, 0, 0, 0, 2, Outpost
P -462, -32, 0, 0, 0, 0, 2, Bandit Camp
P 45, -646, 0, 0, 0, 0, 2, Mushroom Huts
P 238, -456, 0, 0, 0, 0, 2, Bandit Camp
P 206, -354, 0, 0, 0, 0, 2, Bandit Camp
P 424, -373, 0, 0, 0, 0, 2, Tarmok Huts
P 613, 169, 0, 0, 0, 0, 2, Tarmok Huts
P 451, -234, 0, 0, 0, 0, 2, Tarmok Huts
P -463, -276, 0, 0, 0, 0, 2, Bandit Camp
P -2321, -1955, 0, 0, 0, 0, 2, Twilight Sea
P 1005, 2140, 0, 0, 0, 0, 2, Succor Point
