L 99, -68, 33,  99, -68, 33,  0, 0, 0
L 99, -68, 33,  98, 0, 31,  0, 0, 0
L 98, 0, 31,  66, 2, 33,  0, 0, 0
L 66, 2, 33,  67, -26, 87,  0, 0, 0
L 67, -26, 87,  52, -27, 33,  0, 0, 0
L 52, -27, 33,  52, -45, 32,  0, 0, 0
L 52, -45, 32,  58, -45, 33,  0, 0, 0
L 67, -52, 33,  67, -52, 33,  0, 0, 0
L 67, -52, 33,  31, -52, 86,  0, 0, 0
L 31, -52, 86,  31, -20, 63,  0, 0, 0
L 31, -20, 63,  46, -17, 31,  0, 0, 0
L 46, -17, 31,  48, 2, 33,  0, 0, 0
L 48, 2, 33,  38, 2, 23,  0, 0, 0
L 38, 2, 23,  39, -12, 120,  0, 0, 0
L 39, -12, 120,  26, -13, 33,  0, 0, 0
L 26, -13, 33,  26, -57, 32,  0, 0, 0
L 26, -57, 32,  51, -58, 69,  0, 0, 0
L 51, -58, 69,  39, -70, 51,  0, 0, 0
L 39, -70, 51,  40, -85, 33,  0, 0, 0
L 40, -85, 33,  54, -99, 33,  0, 0, 0
L 54, -99, 33,  68, -100, 31,  0, 0, 0
L 68, -100, 31,  109, -141, 32,  0, 0, 0
L 109, -141, 32,  110, -155, 32,  0, 0, 0
L 110, -155, 32,  123, -169, 33,  0, 0, 0
L 123, -169, 33,  123, -195, 32,  0, 0, 0
L 123, -195, 32,  110, -208, 31,  0, 0, 0
L 110, -208, 31,  96, -209, 34,  0, 0, 0
L 96, -209, 34,  81, -224, 31,  0, 0, 0
L 81, -224, 31,  96, -239, 31,  0, 0, 0
L 96, -239, 31,  110, -239, 33,  0, 0, 0
L 99, 95, 34,  99, 95, 33,  0, 0, 0
L 99, 95, 33,  98, 26, 31,  0, 0, 0
L 98, 26, 31,  66, 24, 31,  0, 0, 0
L 66, 24, 31,  67, 53, 31,  0, 0, 0
L 67, 53, 31,  52, 54, 31,  0, 0, 0
L 52, 54, 31,  52, 72, 33,  0, 0, 0
L 52, 72, 33,  58, 72, 33,  0, 0, 0
L 67, 79, 33,  67, 79, 32,  0, 0, 0
L 67, 79, 32,  31, 79, 33,  0, 0, 0
L 31, 79, 33,  31, 45, 31,  0, 0, 0
L 31, 45, 31,  46, 44, 31,  0, 0, 0
L 46, 44, 31,  48, 24, 31,  0, 0, 0
L 48, 24, 31,  38, 24, 31,  0, 0, 0
L 38, 24, 31,  39, 39, 104,  0, 0, 0
L 39, 39, 104,  26, 40, 33,  0, 0, 0
L 26, 40, 33,  26, 84, 32,  0, 0, 0
L 26, 84, 32,  51, 85, 50,  0, 0, 0
L 51, 85, 50,  39, 97, 31,  0, 0, 0
L 39, 97, 31,  40, 112, 34,  0, 0, 0
L 40, 112, 34,  54, 126, 33,  0, 0, 0
L 54, 126, 33,  68, 127, 33,  0, 0, 0
L 68, 127, 33,  109, 174, 31,  0, 0, 0
L 109, 174, 31,  110, 196, 33,  0, 0, 0
L 110, 196, 33,  124, 210, 32,  0, 0, 0
L 124, 210, 32,  152, 210, 31,  0, 0, 0
L 152, 210, 31,  165, 224, 31,  0, 0, 0
L 165, 224, 31,  165, 264, 32,  0, 0, 0
L 165, 264, 32,  151, 279, 32,  0, 0, 0
L 151, 279, 32,  166, 308, 31,  0, 0, 0
L 166, 308, 31,  194, 308, 118,  0, 0, 0
L 194, 308, 118,  207, 322, 31,  0, 0, 0
L 207, 322, 31,  207, 362, 33,  0, 0, 0
L 207, 362, 33,  194, 375, 34,  0, 0, 0
L 194, 375, 34,  168, 375, 31,  0, 0, 0
L 168, 375, 31,  155, 362, 33,  0, 0, 0
L 155, 362, 33,  155, 347, 33,  0, 0, 0
L 155, 347, 33,  140, 347, 84,  0, 0, 0
L 140, 347, 84,  142, 334, 32,  0, 0, 0
L 142, 334, 32,  136, 334, 34,  0, 0, 0
L 136, 334, 34,  135, 381, 61,  0, 0, 0
L 135, 381, 61,  101, 381, 69,  0, 0, 0
L 101, 381, 69,  101, 333, 33,  0, 0, 0
L 101, 333, 33,  96, 334, 31,  0, 0, 0
L 96, 334, 31,  96, 373, 171,  0, 0, 0
L 86, 381, 173,  86, 381, 173,  0, 0, 0
L 86, 381, 173,  87, 310, 37,  0, 0, 0
L 87, 310, 37,  121, 310, 72,  0, 0, 0
L 121, 310, 72,  122, 350, 42,  0, 0, 0
L 122, 350, 42,  126, 350, 33,  0, 0, 0
L 126, 350, 33,  127, 310, 31,  0, 0, 0
L 127, 310, 31,  135, 310, 31,  0, 0, 0
L 135, 310, 31,  136, 326, 31,  0, 0, 0
L 136, 326, 31,  140, 326, 31,  0, 0, 0
L 140, 326, 31,  140, 306, 34,  0, 0, 0
L 140, 306, 34,  119, 305, 33,  0, 0, 0
L 119, 305, 33,  118, 300, 33,  0, 0, 0
L 118, 300, 33,  98, 300, 31,  0, 0, 0
L 98, 300, 31,  97, 305, 33,  0, 0, 0
L 97, 305, 33,  86, 305, 33,  0, 0, 0
L 86, 305, 33,  98, 285, 33,  0, 0, 0
L 98, 285, 33,  99, 266, 32,  0, 0, 0
L 99, 266, 32,  112, 252, 33,  0, 0, 0
L 112, 252, 33,  112, 236, 34,  0, 0, 0
L 112, 236, 34,  97, 235, 33,  0, 0, 0
L 97, 235, 33,  81, 250, 33,  0, 0, 0
L 81, 250, 33,  81, 264, 31,  0, 0, 0
L 81, 264, 31,  67, 278, 33,  0, 0, 0
L 67, 278, 33,  67, 293, 34,  0, 0, 0
L 67, 293, 34,  54, 319, 31,  0, 0, 0
L 54, 319, 31,  42, 319, 33,  0, 0, 0
L 42, 319, 33,  28, 305, 33,  0, 0, 0
L 28, 305, 33,  12, 306, 31,  0, 0, 0
L 12, 306, 31,  11, 319, 33,  0, 0, 0
L 11, 319, 33,  -1, 320, 31,  0, 0, 0
L -1, 320, 31,  -2, 334, 31,  0, 0, 0
L -2, 334, 31,  -14, 347, 31,  0, 0, 0
L -14, 347, 31,  -27, 333, 33,  0, 0, 0
L -27, 333, 33,  -40, 333, 31,  0, 0, 0
L -40, 333, 31,  -40, 333, 31,  0, 0, 0
L -40, 333, 31,  -40, 322, 32,  0, 0, 0
L -40, 322, 32,  -27, 308, 31,  0, 0, 0
L -27, 308, 31,  -27, 292, 33,  0, 0, 0
L -27, 292, 33,  -43, 277, 32,  0, 0, 0
L -43, 277, 32,  -55, 277, 33,  0, 0, 0
L -55, 277, 33,  -69, 264, 33,  0, 0, 0
L -69, 264, 33,  -83, 263, 33,  0, 0, 0
L -83, 263, 33,  -95, 252, 34,  0, 0, 0
L -28, 1, 321,  -28, 1, 321,  0, 0, 0
L -28, 1, 321,  -13, -13, 31,  0, 0, 0
L -13, -13, 31,  -13, -29, 31,  0, 0, 0
L -13, -29, 31,  -55, -30, 103,  0, 0, 0
L -55, -30, 103,  -68, -43, 214,  0, 0, 0
L -68, -43, 214,  -68, -69, 110,  0, 0, 0
L -68, -69, 110,  -55, -82, 190,  0, 0, 0
L -55, -82, 190,  -43, -82, 102,  0, 0, 0
L -43, -82, 102,  -29, -69, 82,  0, 0, 0
L -29, -69, 82,  -14, -68, 40,  0, 0, 0
L -14, -68, 40,  0, -83, 32,  0, 0, 0
L 0, -83, 32,  1, -98, 33,  0, 0, 0
L 1, -98, 33,  -13, -113, 31,  0, 0, 0
L -13, -113, 31,  -41, -114, 31,  0, 0, 0
L -41, -114, 31,  -54, -127, 31,  0, 0, 0
L -54, -127, 31,  -54, -139, 31,  0, 0, 0
L -54, -139, 31,  -41, -153, 31,  0, 0, 0
L -41, -153, 31,  -40, -167, 32,  0, 0, 0
L -40, -167, 32,  -27, -180, 33,  0, 0, 0
L -27, -180, 33,  -13, -181, 32,  0, 0, 0
L -13, -181, 32,  -12, -196, 31,  0, 0, 0
L -12, -196, 31,  -28, -211, 31,  0, 0, 0
L -28, -211, 31,  -57, -183, 33,  0, 0, 0
L -57, -183, 33,  -58, -169, 33,  0, 0, 0
L -58, -169, 33,  -71, -156, 33,  0, 0, 0
L -71, -156, 33,  -98, -155, 32,  0, 0, 0
L -98, -155, 32,  -112, -142, 31,  0, 0, 0
L -112, -142, 31,  -139, -155, 33,  0, 0, 0
L -139, -155, 33,  -153, -183, 33,  0, 0, 0
L -153, -183, 33,  -169, -183, 33,  0, 0, 0
L -169, -183, 33,  -183, -169, 31,  0, 0, 0
L -183, -169, 31,  -184, -141, 33,  0, 0, 0
L -184, -141, 33,  -197, -128, 31,  0, 0, 0
L -197, -128, 31,  -209, -128, 31,  0, 0, 0
L -209, -128, 31,  -222, -141, 32,  0, 0, 0
L -222, -141, 32,  -222, -153, 34,  0, 0, 0
L -222, -153, 34,  -208, -168, 33,  0, 0, 0
L -208, -168, 33,  -223, -170, 21,  0, 0, 0
L -223, -170, 21,  -237, -183, 24,  0, 0, 0
L -237, -183, 24,  -252, -183, -36,  0, 0, 0
L -252, -183, -36,  -267, -169, -126,  0, 0, 0
L -267, -169, -126,  -267, -141, -186,  0, 0, 0
L -267, -141, -187,  -267, -141, -186,  0, 0, 0
L -267, -141, -186,  -295, -114, -188,  0, 0, 0
L -295, -114, -188,  -320, -114, -188,  0, 0, 0
L -320, -114, -188,  -320, -167, -185,  0, 0, 0
L -320, -167, -185,  -293, -194, -188,  0, 0, 0
L -293, -194, -188,  -279, -194, -186,  0, 0, 0
L -279, -194, -186,  -251, -222, -32,  0, 0, 0
L -251, -222, -32,  -226, -222, 17,  0, 0, 0
L -321, -128, 290,  -321, -128, 290,  0, 0, 0
L -321, -128, 290,  -335, -141, 292,  0, 0, 0
L -335, -141, 292,  -364, -141, 293,  0, 0, 0
L -364, -141, 293,  -379, -127, 370,  0, 0, 0
L -379, -127, 370,  -379, -81, 442,  0, 0, 0
L -379, -81, 442,  -384, -72, 442,  0, 0, 0
L -384, -72, 442,  -405, -72, 448,  0, 0, 0
L -405, -72, 448,  -419, -85, 556,  0, 0, 0
L -419, -85, 556,  -435, -42, 522,  0, 0, 0
L -435, -42, 522,  -430, -16, 500,  0, 0, 0
L -430, -16, 500,  -405, -36, 395,  0, 0, 0
L -405, -36, 395,  -391, -36, 322,  0, 0, 0
L -391, -36, 322,  -377, -21, 268,  0, 0, 0
L -377, -21, 268,  -377, -3, 271,  0, 0, 0
L -377, -3, 271,  -350, 7, 204,  0, 0, 0
L -350, 7, 204,  -338, 7, 292,  0, 0, 0
L -338, 7, 292,  -323, 20, 188,  0, 0, 0
L -323, 20, 188,  -323, 168, 324,  0, 0, 0
L -323, 168, 324,  -319, 174, 325,  0, 0, 0
L -319, 174, 325,  -308, 175, 341,  0, 0, 0
L -308, 175, 341,  -294, 169, 332,  0, 0, 0
L -294, 169, 332,  -279, 169, 332,  0, 0, 0
L -279, 169, 332,  -271, 176, 344,  0, 0, 0
L -271, 176, 344,  -271, 196, 372,  0, 0, 0
L -271, 196, 372,  -281, 208, 355,  0, 0, 0
L -281, 209, 354,  -281, 209, 354,  0, 0, 0
L -281, 209, 354,  -290, 210, 351,  0, 0, 0
L -290, 210, 351,  -308, 223, 294,  0, 0, 0
L -308, 223, 294,  -317, 224, 293,  0, 0, 0
L -317, 224, 293,  -323, 229, 311,  0, 0, 0
L -323, 229, 311,  -338, 237, 291,  0, 0, 0
L -338, 237, 291,  -344, 249, 292,  0, 0, 0
L -344, 249, 292,  -350, 249, 291,  0, 0, 0
L -266, 224, 33,  -266, 224, 33,  0, 0, 0
L -266, 224, 33,  -267, 238, 47,  0, 0, 0
L -267, 238, 47,  -279, 251, 107,  0, 0, 0
L -279, 251, 107,  -308, 251, 232,  0, 0, 0
L -308, 251, 232,  -320, 263, 284,  0, 0, 0
L -320, 263, 284,  -337, 265, 276,  0, 0, 0
L -337, 265, 276,  -349, 278, 290,  0, 0, 0
L -349, 278, 290,  -350, 307, 291,  0, 0, 0
L -350, 307, 291,  -365, 321, 275,  0, 0, 0
L -365, 321, 275,  -364, 346, 492,  0, 0, 0
L -335, 274, 292,  -335, 274, 292,  0, 0, 0
L -335, 274, 292,  -335, 222, 293,  0, 0, 0
L -323, 221, 295,  -323, 221, 295,  0, 0, 0
L -323, 221, 295,  -323, 274, 294,  0, 0, 0
L -281, 209, 356,  -266, 225, 33,  0, 0, 0
L -266, 225, 33,  -251, 210, 43,  0, 0, 0
L -251, 210, 43,  -250, 181, 172,  0, 0, 0
L -250, 181, 172,  -264, 166, 171,  0, 0, 0
L -264, 166, 171,  -264, 154, 172,  0, 0, 0
L -264, 154, 172,  -252, 141, 171,  0, 0, 0
L -252, 141, 171,  -237, 127, 383,  0, 0, 0
L -237, 127, 383,  -223, 126, 331,  0, 0, 0
L -223, 126, 331,  -210, 113, 401,  0, 0, 0
L -210, 113, 401,  -197, 126, 300,  0, 0, 0
L -197, 126, 300,  -182, 127, 261,  0, 0, 0
L -182, 127, 261,  -169, 141, 193,  0, 0, 0
L -169, 141, 193,  -141, 141, 183,  0, 0, 0
L -141, 141, 183,  -127, 154, 173,  0, 0, 0
L -127, 154, 173,  -112, 154, 102,  0, 0, 0
L -112, 154, 102,  -96, 139, 135,  0, 0, 0
L -96, 139, 135,  -110, 121, 167,  0, 0, 0
L -110, 121, 167,  -111, 110, 106,  0, 0, 0
L -111, 110, 106,  -127, 110, 44,  0, 0, 0
L -127, 110, 44,  -141, 123, 113,  0, 0, 0
L -141, 123, 113,  -153, 123, 160,  0, 0, 0
L -153, 123, 160,  -166, 110, 42,  0, 0, 0
L -166, 110, 42,  -166, 97, 42,  0, 0, 0
L -166, 97, 42,  -152, 70, 41,  0, 0, 0
L -152, 70, 41,  -153, 11, 42,  0, 0, 0
L -153, 11, 42,  -169, 26, 53,  0, 0, 0
L -169, 26, 53,  -170, 40, 76,  0, 0, 0
L -182, 53, 227,  -182, 53, 227,  0, 0, 0
L -182, 53, 227,  -208, 26, 115,  0, 0, 0
L -208, 26, 115,  -208, 14, 95,  0, 0, 0
L -208, 14, 95,  -195, 0, 51,  0, 0, 0
L -195, 0, 51,  -194, -12, 41,  0, 0, 0
L -194, -12, 41,  -169, -12, 42,  0, 0, 0
L -169, -12, 42,  -155, 0, 44,  0, 0, 0
L -155, 0, 44,  -139, 0, 31,  0, 0, 0
L -139, 0, 31,  -127, -11, 32,  0, 0, 0
L -127, -11, 32,  -113, -12, 174,  0, 0, 0
L -113, -12, 174,  -100, 0, 183,  0, 0, 0
L -100, 0, 183,  -99, 27, 71,  0, 0, 0
L -99, 27, 71,  -85, 42, 128,  0, 0, 0
L -85, 42, 128,  -70, 42, 231,  0, 0, 0
L -70, 42, 231,  -55, 28, 235,  0, 0, 0
L -55, 28, 235,  -54, 14, 347,  0, 0, 0
L -54, 14, 347,  -41, 1, 297,  0, 0, 0
L -41, 1, 297,  -27, 0, 321,  0, 0, 0
L -71, 81, 230,  -71, 81, 228,  0, 0, 0
L -71, 81, 228,  -43, 54, 234,  0, 0, 0
L -43, 54, 234,  -28, 53, 228,  0, 0, 0
L -28, 53, 228,  -12, 69, 209,  0, 0, 0
L -12, 69, 209,  -12, 112, 32,  0, 0, 0
L -12, 112, 32,  -26, 126, 33,  0, 0, 0
L -26, 126, 33,  -26, 152, 33,  0, 0, 0
L -26, 152, 33,  -13, 166, 33,  0, 0, 0
L -13, 166, 33,  13, 179, 31,  0, 0, 0
L 13, 179, 31,  26, 179, 31,  0, 0, 0
L 26, 179, 31,  40, 166, 31,  0, 0, 0
L 40, 166, 31,  56, 165, 31,  0, 0, 0
L 56, 165, 31,  70, 180, 34,  0, 0, 0
L 70, 180, 34,  70, 196, 33,  0, 0, 0
L 70, 196, 33,  56, 196, 32,  0, 0, 0
L 56, 196, 32,  43, 210, 31,  0, 0, 0
L 43, 210, 31,  43, 222, 31,  0, 0, 0
L 43, 222, 31,  58, 237, 32,  0, 0, 0
L 58, 237, 32,  43, 252, 33,  0, 0, 0
L 43, 252, 33,  42, 265, 32,  0, 0, 0
L 42, 265, 32,  27, 280, 33,  0, 0, 0
L 27, 280, 33,  12, 280, 31,  0, 0, 0
L 12, 280, 31,  14, 261, 32,  0, 0, 0
L 14, 261, 32,  25, 250, 31,  0, 0, 0
L 25, 250, 31,  25, 224, 31,  0, 0, 0
L 25, 224, 31,  15, 213, 31,  0, 0, 0
L 15, 213, 31,  14, 252, 34,  0, 0, 0
L 14, 252, 34,  -45, 252, 33,  0, 0, 0
L -45, 252, 33,  -43, 233, 43,  0, 0, 0
L -43, 233, 43,  -37, 234, 34,  0, 0, 0
L -37, 234, 34,  -36, 247, 32,  0, 0, 0
L -36, 247, 32,  9, 247, 33,  0, 0, 0
L 9, 247, 33,  9, 212, 172,  0, 0, 0
L 1, 222, 172,  1, 222, 172,  0, 0, 0
L 1, 222, 172,  1, 240, 32,  0, 0, 0
L 1, 240, 32,  -2, 240, 33,  0, 0, 0
L -2, 240, 33,  -2, 228, 32,  0, 0, 0
L -2, 228, 32,  -18, 228, 33,  0, 0, 0
L -18, 228, 33,  -19, 240, 32,  0, 0, 0
L -19, 240, 32,  -23, 240, 32,  0, 0, 0
L -23, 240, 32,  -23, 220, 33,  0, 0, 0
L -23, 220, 33,  9, 219, 73,  0, 0, 0
L 9, 219, 73,  9, 196, 72,  0, 0, 0
L 9, 196, 72,  -1, 185, 33,  0, 0, 0
L -1, 185, 33,  -27, 185, 33,  0, 0, 0
L -27, 185, 33,  -38, 198, 85,  0, 0, 0
L -38, 198, 85,  -38, 226, 31,  0, 0, 0
L -38, 226, 31,  -43, 226, 41,  0, 0, 0
L -43, 226, 41,  -46, 210, 41,  0, 0, 0
L -46, 210, 41,  -56, 210, 41,  0, 0, 0
L -56, 210, 41,  -71, 196, 32,  0, 0, 0
L -71, 196, 32,  -83, 196, 33,  0, 0, 0
L -83, 196, 33,  -95, 208, 33,  0, 0, 0
L -95, 208, 33,  -95, 252, 37,  0, 0, 0
L -71, 81, 231,  -71, 81, 229,  0, 0, 0
L -71, 81, 229,  -83, 81, 241,  0, 0, 0
L -83, 81, 241,  -96, 68, 236,  0, 0, 0
L -96, 68, 236,  -97, 54, 84,  0, 0, 0
L -97, 54, 84,  -113, 54, 41,  0, 0, 0
L -113, 54, 41,  -127, 69, 112,  0, 0, 0
L -127, 69, 112,  -113, 98, 88,  0, 0, 0
L -113, 98, 88,  -99, 99, 127,  0, 0, 0
L -99, 99, 127,  -86, 112, 226,  0, 0, 0
L -86, 112, 226,  -86, 140, 154,  0, 0, 0
L -86, 140, 154,  -72, 154, 182,  0, 0, 0
L -72, 154, 182,  -72, 166, 265,  0, 0, 0
L -72, 166, 265,  -85, 179, 156,  0, 0, 0
L -85, 179, 156,  -112, 179, 105,  0, 0, 0
L -112, 179, 105,  -127, 193, 177,  0, 0, 0
L -127, 193, 177,  -139, 193, 174,  0, 0, 0
L -139, 193, 174,  -154, 179, 181,  0, 0, 0
L -154, 179, 181,  -167, 179, 268,  0, 0, 0
L -167, 179, 268,  -181, 166, 182,  0, 0, 0
L -181, 166, 182,  -197, 165, 184,  0, 0, 0
L -197, 165, 184,  -211, 180, 183,  0, 0, 0
L -211, 180, 183,  -211, 209, 43,  0, 0, 0
L -211, 209, 43,  -197, 225, 41,  0, 0, 0
L -197, 225, 41,  -182, 224, 98,  0, 0, 0
L -182, 224, 98,  -176, 219, 97,  0, 0, 0
L -176, 219, 97,  -170, 224, 48,  0, 0, 0
L -170, 224, 48,  -169, 280, 32,  0, 0, 0
L -169, 280, 32,  -140, 280, 31,  0, 0, 0
L -140, 280, 31,  -141, 276, 33,  0, 0, 0
L -141, 276, 33,  -159, 275, 33,  0, 0, 0
L -159, 275, 33,  -164, 271, 31,  0, 0, 0
L -164, 271, 31,  -164, 212, 39,  0, 0, 0
L -164, 212, 39,  -123, 212, 29,  0, 0, 0
L -123, 212, 29,  -114, 223, 23,  0, 0, 0
L -114, 223, 23,  -114, 249, 32,  0, 0, 0
L -114, 249, 32,  -99, 266, 32,  0, 0, 0
L -99, 266, 32,  -85, 294, 33,  0, 0, 0
L -85, 294, 33,  -58, 308, 52,  0, 0, 0
L -58, 308, 52,  -58, 334, 206,  0, 0, 0
L -58, 334, 206,  -71, 347, 109,  0, 0, 0
L -71, 347, 109,  -111, 347, 250,  0, 0, 0
L -111, 347, 250,  -124, 334, 89,  0, 0, 0
L -124, 334, 89,  -124, 321, 71,  0, 0, 0
L -124, 321, 71,  -111, 294, 35,  0, 0, 0
L -111, 294, 35,  -111, 278, 33,  0, 0, 0
L -111, 278, 33,  -124, 263, 33,  0, 0, 0
L -124, 263, 33,  -124, 245, 33,  0, 0, 0
L -124, 245, 33,  -129, 246, 31,  0, 0, 0
L -129, 246, 31,  -129, 251, 32,  0, 0, 0
L -129, 251, 32,  -138, 251, 31,  0, 0, 0
L -138, 251, 31,  -139, 240, 34,  0, 0, 0
L -139, 240, 34,  -155, 240, 31,  0, 0, 0
L -155, 240, 31,  -155, 256, 31,  0, 0, 0
L -155, 256, 31,  -130, 256, 31,  0, 0, 0
L -130, 256, 31,  -129, 275, 31,  0, 0, 0
L -129, 275, 31,  -133, 276, 33,  0, 0, 0
L -133, 276, 33,  -134, 280, 31,  0, 0, 0
L -134, 280, 31,  -128, 280, 31,  0, 0, 0
L -128, 280, 31,  -128, 280, 31,  0, 0, 0
L -128, 280, 31,  -128, 285, 31,  0, 0, 0
L -128, 285, 31,  -131, 291, 32,  0, 0, 0
L -131, 291, 32,  -144, 291, 31,  0, 0, 0
L -144, 291, 31,  -155, 305, 31,  0, 0, 0
L -155, 305, 31,  -181, 305, 32,  0, 0, 0
L -181, 305, 32,  -194, 292, 31,  0, 0, 0
L -194, 292, 31,  -194, 264, 33,  0, 0, 0
L -194, 264, 33,  -210, 249, 43,  0, 0, 0
L -210, 249, 43,  -225, 264, 38,  0, 0, 0
L -225, 264, 38,  -225, 278, 33,  0, 0, 0
L -225, 278, 33,  -239, 291, 33,  0, 0, 0
L -239, 291, 33,  -251, 291, 32,  0, 0, 0
L -251, 291, 32,  -265, 277, 39,  0, 0, 0
L -265, 277, 39,  -280, 277, 114,  0, 0, 0
L -280, 277, 114,  -295, 291, 287,  0, 0, 0
L -295, 291, 287,  -309, 307, 456,  0, 0, 0
L -309, 307, 456,  -281, 336, 217,  0, 0, 0
L -281, 336, 217,  -267, 336, 241,  0, 0, 0
L -267, 336, 241,  -267, 348, 244,  0, 0, 0
L -267, 348, 244,  -281, 362, 158,  0, 0, 0
L -281, 362, 158,  -281, 377, 113,  0, 0, 0
L -281, 377, 113,  -266, 392, 85,  0, 0, 0
L -266, 392, 85,  -251, 378, 46,  0, 0, 0
L -251, 378, 46,  -250, 363, 33,  0, 0, 0
L -250, 363, 33,  -236, 350, 42,  0, 0, 0
L -236, 350, 42,  -236, 336, 39,  0, 0, 0
L -236, 336, 39,  -197, 336, 93,  0, 0, 0
L -197, 336, 93,  -184, 350, 110,  0, 0, 0
L -184, 350, 110,  -156, 381, 259,  0, 0, 0
L -156, 381, 259,  -155, 448, 167,  0, 0, 0
L -155, 448, 167,  -132, 451, 194,  0, 0, 0
L -132, 451, 194,  -132, 468, 161,  0, 0, 0
L -363, 340, 368,  -363, 340, 368,  0, 0, 0
L -363, 340, 368,  -322, 335, 305,  0, 0, 0
L -322, 335, 305,  -307, 349, 248,  0, 0, 0
L -307, 349, 248,  -320, 363, 209,  0, 0, 0
L -320, 363, 209,  -320, 376, 209,  0, 0, 0
L -320, 376, 209,  -307, 390, 179,  0, 0, 0
L -307, 390, 179,  -308, 418, 182,  0, 0, 0
L -308, 418, 182,  -294, 434, 177,  0, 0, 0
L -294, 434, 177,  -267, 432, 151,  0, 0, 0
L -267, 432, 151,  -266, 422, 126,  0, 0, 0
L -266, 422, 126,  -247, 404, 127,  0, 0, 0
L -247, 404, 127,  -226, 391, 85,  0, 0, 0
L -226, 391, 85,  -210, 393, 153,  0, 0, 0
L -210, 393, 153,  -195, 419, 214,  0, 0, 0
L -195, 419, 214,  -222, 474, 152,  0, 0, 0
L -222, 474, 152,  -223, 532, 31,  0, 0, 0
L -223, 532, 31,  -236, 543, 31,  0, 0, 0
L -236, 543, 31,  -223, 542, 34,  0, 0, 0
L -223, 542, 34,  -222, 571, 31,  0, 0, 0
L -222, 571, 31,  -217, 574, 34,  0, 0, 0
L -217, 574, 34,  -217, 582, 34,  0, 0, 0
L -217, 582, 34,  -225, 582, 36,  0, 0, 0
L -225, 582, 36,  -225, 576, 37,  0, 0, 0
L -225, 576, 37,  -236, 576, 72,  0, 0, 0
L -236, 576, 72,  -237, 587, 59,  0, 0, 0
L -237, 587, 59,  -250, 601, 89,  0, 0, 0
L -250, 601, 89,  -250, 641, 89,  0, 0, 0
L -250, 641, 89,  -224, 641, 31,  0, 0, 0
L -224, 641, 31,  -209, 655, 31,  0, 0, 0
L -209, 655, 31,  -195, 656, 32,  0, 0, 0
L -195, 656, 32,  -194, 671, 33,  0, 0, 0
L -194, 671, 33,  -209, 686, 31,  0, 0, 0
L -209, 686, 31,  -293, 686, 33,  0, 0, 0
L -293, 686, 33,  -306, 699, 133,  0, 0, 0
L -306, 699, 133,  -306, 754, 31,  0, 0, 0
L -306, 754, 31,  -292, 782, 31,  0, 0, 0
L -292, 782, 31,  -292, 796, 32,  0, 0, 0
L -292, 796, 32,  -278, 810, 31,  0, 0, 0
L -278, 810, 31,  -278, 880, 31,  0, 0, 0
L -278, 880, 31,  -265, 907, 32,  0, 0, 0
L -265, 907, 32,  -238, 921, 33,  0, 0, 0
L -238, 921, 33,  -196, 921, 31,  0, 0, 0
L -196, 921, 31,  -153, 963, 34,  0, 0, 0
L -86, 965, 32,  -86, 965, 32,  0, 0, 0
L -86, 965, 32,  -99, 952, 32,  0, 0, 0
L -99, 952, 32,  -140, 952, 31,  0, 0, 0
L -140, 952, 31,  -155, 938, 31,  0, 0, 0
L -155, 938, 31,  -170, 908, 35,  0, 0, 0
L -170, 908, 35,  -170, 882, 31,  0, 0, 0
L -170, 882, 31,  -225, 882, 31,  0, 0, 0
L -225, 882, 31,  -225, 858, 240,  0, 0, 0
L -225, 858, 240,  -239, 850, 191,  0, 0, 0
L -239, 850, 191,  -241, 839, 205,  0, 0, 0
L -241, 839, 205,  -241, 825, 206,  0, 0, 0
L -241, 825, 206,  -253, 811, 48,  0, 0, 0
L -253, 811, 48,  -239, 782, 33,  0, 0, 0
L -239, 782, 33,  -218, 759, 290,  0, 0, 0
L -218, 759, 290,  -239, 740, 32,  0, 0, 0
L -239, 740, 32,  -224, 725, 31,  0, 0, 0
L -224, 725, 31,  -197, 725, 33,  0, 0, 0
L -197, 725, 33,  -184, 712, 126,  0, 0, 0
L -184, 712, 126,  -183, 684, 31,  0, 0, 0
L -183, 684, 31,  -170, 670, 31,  0, 0, 0
L -170, 670, 31,  -170, 644, 32,  0, 0, 0
L -170, 644, 32,  -183, 640, 32,  0, 0, 0
L -183, 640, 32,  -184, 630, 32,  0, 0, 0
L -184, 630, 32,  -196, 630, 32,  0, 0, 0
L -196, 630, 32,  -211, 615, 31,  0, 0, 0
L -211, 615, 31,  -197, 600, 60,  0, 0, 0
L -197, 600, 60,  -183, 599, 108,  0, 0, 0
L -184, 599, 110,  -184, 599, 110,  0, 0, 0
L -184, 599, 110,  -184, 576, 102,  0, 0, 0
L -184, 576, 102,  -194, 576, 58,  0, 0, 0
L -194, 576, 58,  -195, 582, 126,  0, 0, 0
L -195, 582, 126,  -204, 582, 31,  0, 0, 0
L -204, 582, 31,  -203, 573, 34,  0, 0, 0
L -203, 573, 34,  -197, 571, 34,  0, 0, 0
L -197, 571, 34,  -197, 542, 33,  0, 0, 0
L -197, 542, 33,  -183, 543, 31,  0, 0, 0
L -183, 543, 31,  -184, 531, 33,  0, 0, 0
L -184, 531, 33,  -188, 518, 261,  0, 0, 0
L -188, 518, 261,  -184, 489, 429,  0, 0, 0
L -184, 489, 429,  -170, 474, 234,  0, 0, 0
L -170, 474, 234,  -168, 459, 151,  0, 0, 0
L -168, 459, 151,  -149, 468, 153,  0, 0, 0
L -149, 468, 153,  -151, 480, 203,  0, 0, 0
L -151, 480, 203,  -160, 486, 201,  0, 0, 0
L -160, 486, 201,  -160, 493, 312,  0, 0, 0
L -160, 493, 312,  -166, 503, 313,  0, 0, 0
L -166, 503, 313,  -166, 517, 313,  0, 0, 0
L -166, 517, 313,  -163, 532, 301,  0, 0, 0
L -163, 532, 301,  -152, 536, 292,  0, 0, 0
L -152, 536, 292,  -145, 546, 330,  0, 0, 0
L -145, 546, 330,  -137, 550, 340,  0, 0, 0
L -137, 550, 340,  -137, 556, 352,  0, 0, 0
L -137, 556, 352,  -152, 556, 379,  0, 0, 0
L -152, 556, 379,  -153, 560, 380,  0, 0, 0
L -132, 469, 162,  -132, 469, 164,  0, 0, 0
L -132, 469, 164,  -136, 478, 202,  0, 0, 0
L -136, 478, 202,  -135, 486, 213,  0, 0, 0
L -135, 486, 213,  -126, 486, 211,  0, 0, 0
L -126, 486, 211,  -125, 501, 221,  0, 0, 0
L -125, 501, 221,  -124, 505, 232,  0, 0, 0
L -124, 505, 232,  -124, 508, 240,  0, 0, 0
L -124, 508, 240,  -127, 514, 252,  0, 0, 0
L -127, 514, 252,  -129, 517, 261,  0, 0, 0
L -129, 517, 261,  -139, 521, 261,  0, 0, 0
L -139, 521, 261,  -141, 531, 283,  0, 0, 0
L -141, 531, 283,  -130, 540, 309,  0, 0, 0
L -130, 540, 309,  -123, 540, 309,  0, 0, 0
L -123, 540, 309,  -114, 551, 352,  0, 0, 0
L -114, 551, 352,  -115, 564, 352,  0, 0, 0
L -115, 564, 352,  -124, 571, 352,  0, 0, 0
L -124, 571, 352,  -155, 572, 381,  0, 0, 0
L -155, 572, 381,  -152, 588, 427,  0, 0, 0
L -152, 588, 427,  -144, 605, 509,  0, 0, 0
L -144, 605, 509,  -144, 618, 543,  0, 0, 0
L -144, 618, 543,  -154, 627, 543,  0, 0, 0
L -338, 188, 348,  -338, 188, 349,  0, 0, 0
L -338, 188, 349,  -331, 195, 362,  0, 0, 0
L -331, 195, 362,  -322, 195, 364,  0, 0, 0
L -322, 195, 364,  -306, 187, 362,  0, 0, 0
L -306, 187, 362,  -295, 192, 369,  0, 0, 0
L -295, 192, 369,  -296, 199, 383,  0, 0, 0
L -296, 199, 383,  -303, 200, 318,  0, 0, 0
L -303, 200, 318,  -311, 208, 294,  0, 0, 0
L -311, 208, 294,  -336, 209, 310,  0, 0, 0
L -336, 209, 310,  -348, 216, 324,  0, 0, 0
L -348, 216, 324,  -348, 237, 291,  0, 0, 0
L -348, 237, 291,  -351, 250, 279,  0, 0, 0
L -351, 250, 279,  -357, 266, 152,  0, 0, 0
L -357, 266, 152,  -365, 266, 111,  0, 0, 0
L -365, 266, 111,  -379, 252, 48,  0, 0, 0
L -379, 252, 48,  -379, 236, -249,  0, 0, 0
L -379, 236, -249,  -369, 229, -268,  0, 0, 0
L -369, 229, -268,  -365, 222, -266,  0, 0, 0
L -365, 222, -266,  -365, 210, -268,  0, 0, 0
L -365, 210, -268,  -380, 194, -262,  0, 0, 0
L -380, 194, -262,  -379, 182, -10,  0, 0, 0
L -379, 182, -10,  -393, 166, -28,  0, 0, 0
L -393, 166, -28,  -378, 151, -125,  0, 0, 0
L -378, 151, -125,  -357, 152, -123,  0, 0, 0
L -357, 152, -123,  -349, 165, -48,  0, 0, 0
L -349, 165, -48,  -342, 165, -13,  0, 0, 0
L -340, 167, 326,  -340, 167, 326,  0, 0, 0
L -340, 167, 326,  -337, 163, 362,  0, 0, 0
L -337, 163, 362,  -337, 124, 31,  0, 0, 0
L -337, 124, 31,  -349, 112, 33,  0, 0, 0
L -349, 112, 33,  -350, 98, 31,  0, 0, 0
L -350, 98, 31,  -364, 83, 32,  0, 0, 0
L -364, 83, 32,  -365, 67, 33,  0, 0, 0
L -365, 67, 33,  -374, 55, 33,  0, 0, 0
L -374, 55, 33,  -418, 56, 132,  0, 0, 0
L -364, 340, 361,  -364, 340, 362,  0, 0, 0
L -364, 340, 362,  -389, 393, 396,  0, 0, 0
L -389, 393, 396,  -425, 385, 321,  0, 0, 0
L -425, 385, 321,  -449, 336, 129,  0, 0, 0
L -449, 336, 129,  -460, 320, -8,  0, 0, 0
L -460, 320, -8,  -460, 294, -23,  0, 0, 0
L -460, 294, -23,  -447, 280, 2,  0, 0, 0
L -447, 280, 2,  -433, 280, -8,  0, 0, 0
L -433, 280, -8,  -418, 266, -75,  0, 0, 0
L -418, 266, -75,  -418, 251, -213,  0, 0, 0
L -418, 251, -213,  -405, 238, -171,  0, 0, 0
L -405, 238, -171,  -405, 222, -224,  0, 0, 0
L -405, 222, -224,  -446, 221, -10,  0, 0, 0
L -446, 221, -10,  -446, 209, -14,  0, 0, 0
L -446, 209, -14,  -460, 194, 0,  0, 0, 0
L -460, 194, 0,  -461, 179, -3,  0, 0, 0
L -461, 179, -3,  -472, 169, -4,  0, 0, 0
L -472, 169, -4,  -461, 168, -3,  0, 0, 0
L -461, 168, -3,  -460, 127, -3,  0, 0, 0
L -460, 127, -3,  -421, 127, -2,  0, 0, 0
L -421, 127, -2,  -421, 140, -1,  0, 0, 0
L -421, 140, -1,  -405, 154, -9,  0, 0, 0
L -405, 154, -9,  -391, 140, -8,  0, 0, 0
L -391, 140, -8,  -391, 124, -4,  0, 0, 0
L -391, 124, -4,  -401, 110, -7,  0, 0, 0
L -401, 110, -7,  -418, 109, -10,  0, 0, 0
L -418, 109, -10,  -418, 109, -10,  0, 0, 0
L -418, 109, -10,  -419, 53, 65,  0, 0, 0
L -419, 53, 65,  -505, 54, 33,  0, 0, 0
L -505, 54, 33,  -505, 101, 31,  0, 0, 0
L -505, 101, 31,  -501, 100, 33,  0, 0, 0
L -501, 100, 33,  -500, 61, 32,  0, 0, 0
L -500, 61, 32,  -423, 61, 94,  0, 0, 0
L -423, 61, 94,  -425, 121, 91,  0, 0, 0
L -425, 121, 91,  -486, 119, 131,  0, 0, 0
L -479, 104, 102,  -479, 104, 102,  0, 0, 0
L -479, 104, 102,  -475, 104, 91,  0, 0, 0
L -475, 104, 91,  -475, 84, 92,  0, 0, 0
L -475, 84, 92,  -486, 85, 146,  0, 0, 0
L -486, 85, 146,  -486, 75, 91,  0, 0, 0
L -486, 75, 91,  -458, 75, 91,  0, 0, 0
L -458, 75, 91,  -459, 70, 76,  0, 0, 0
L -459, 70, 76,  -491, 70, 31,  0, 0, 0
L -491, 70, 31,  -491, 129, 31,  0, 0, 0
L -491, 129, 31,  -465, 127, 36,  0, 0, 0
L -465, 127, 36,  -465, 163, 31,  0, 0, 0
L -473, 156, 34,  -473, 156, 34,  0, 0, 0
L -473, 156, 34,  -473, 152, 32,  0, 0, 0
L -473, 152, 32,  -500, 151, 33,  0, 0, 0
L -500, 151, 33,  -501, 136, 32,  0, 0, 0
L -501, 136, 32,  -519, 136, 33,  0, 0, 0
L -519, 136, 33,  -519, 140, 31,  0, 0, 0
L -519, 140, 31,  -505, 141, 31,  0, 0, 0
L -505, 141, 31,  -505, 163, 64,  0, 0, 0
L -505, 163, 64,  -528, 163, 80,  0, 0, 0
L -528, 163, 80,  -528, 141, 34,  0, 0, 0
L -528, 141, 34,  -527, 140, 35,  0, 0, 0
L -527, 140, 35,  -527, 136, 31,  0, 0, 0
L -527, 136, 31,  -547, 136, 31,  0, 0, 0
L -547, 136, 31,  -547, 140, 33,  0, 0, 0
L -547, 140, 33,  -533, 141, 61,  0, 0, 0
L -533, 141, 61,  -533, 163, 31,  0, 0, 0
L -533, 163, 31,  -556, 163, 78,  0, 0, 0
L -556, 163, 78,  -556, 141, 32,  0, 0, 0
L -556, 141, 32,  -555, 140, 32,  0, 0, 0
L -555, 140, 32,  -555, 136, 31,  0, 0, 0
L -555, 136, 31,  -556, 135, 31,  0, 0, 0
L -556, 135, 31,  -556, 129, 33,  0, 0, 0
L -556, 129, 33,  -500, 128, 34,  0, 0, 0
L -500, 128, 34,  -501, 108, 32,  0, 0, 0
L -501, 108, 32,  -505, 107, 34,  0, 0, 0
L -505, 107, 34,  -505, 123, 31,  0, 0, 0
L -505, 123, 39,  -505, 123, 39,  0, 0, 0
L -505, 123, 39,  -558, 123, 200,  0, 0, 0
L -558, 123, 200,  -554, 112, 155,  0, 0, 0
L -554, 112, 155,  -545, 95, 185,  0, 0, 0
L -545, 95, 185,  -559, 69, 221,  0, 0, 0
L -559, 69, 221,  -559, 55, 221,  0, 0, 0
L -559, 55, 221,  -563, 41, 112,  0, 0, 0
L -563, 41, 112,  -557, 20, 210,  0, 0, 0
L -557, 20, 210,  -546, 17, 179,  0, 0, 0
L -546, 17, 179,  -518, 21, 132,  0, 0, 0
L -518, 21, 132,  -500, 4, 290,  0, 0, 0
L -500, 4, 290,  -481, 3, 245,  0, 0, 0
L -481, 3, 245,  -449, 28, 33,  0, 0, 0
L -449, 28, 33,  -420, 29, 31,  0, 0, 0
L -420, 29, 31,  -404, 23, 32,  0, 0, 0
L -404, 23, 32,  -389, 23, 33,  0, 0, 0
L -389, 23, 33,  -377, 42, 33,  0, 0, 0
L -377, 42, 33,  -349, 42, 31,  0, 0, 0
L -349, 42, 31,  -349, 26, 190,  0, 0, 0
L -349, 26, 190,  -376, 15, 260,  0, 0, 0
L -376, 15, 260,  -389, 15, 316,  0, 0, 0
L -389, 15, 316,  -405, -1, 389,  0, 0, 0
L -405, -1, 389,  -430, 13, 500,  0, 0, 0
L -430, 13, 500,  -445, 10, 502,  0, 0, 0
L -445, 10, 502,  -466, -7, 500,  0, 0, 0
L -466, -7, 500,  -468, -44, 567,  0, 0, 0
L -468, -44, 567,  -549, -44, 633,  0, 0, 0
L -549, -44, 633,  -560, -58, 633,  0, 0, 0
L -560, -58, 635,  -560, -58, 635,  0, 0, 0
L -560, -58, 635,  -556, -84, 537,  0, 0, 0
L -556, -84, 537,  -560, -101, 525,  0, 0, 0
L -560, -101, 525,  -556, -118, 515,  0, 0, 0
L -556, -118, 515,  -557, -134, 493,  0, 0, 0
L -557, -134, 493,  -546, -140, 460,  0, 0, 0
L -546, -140, 460,  -546, -164, 460,  0, 0, 0
L -546, -164, 460,  -538, -182, 439,  0, 0, 0
L -538, -182, 439,  -538, -203, 434,  0, 0, 0
L -538, -203, 434,  -533, -222, 434,  0, 0, 0
L -533, -222, 434,  -505, -222, 313,  0, 0, 0
L -505, -222, 313,  -505, -204, 312,  0, 0, 0
L -505, -204, 312,  -501, -204, 313,  0, 0, 0
L -501, -204, 313,  -500, -220, 312,  0, 0, 0
L -500, -220, 312,  -462, -220, 313,  0, 0, 0
L -462, -220, 313,  -451, -209, 313,  0, 0, 0
L -451, -209, 313,  -451, -181, 314,  0, 0, 0
L -451, -181, 314,  -447, -181, 311,  0, 0, 0
L -447, -181, 311,  -446, -206, 370,  0, 0, 0
L -446, -206, 370,  -420, -206, 311,  0, 0, 0
L -420, -206, 311,  -409, -195, 311,  0, 0, 0
L -409, -195, 311,  -409, -183, 311,  0, 0, 0
L -409, -183, 311,  -420, -172, 313,  0, 0, 0
L -420, -172, 313,  -446, -171, 311,  0, 0, 0
L -446, -171, 311,  -447, -173, 311,  0, 0, 0
L -447, -173, 311,  -451, -173, 313,  0, 0, 0
L -451, -173, 313,  -451, -172, 311,  0, 0, 0
L -451, -172, 311,  -499, -172, 351,  0, 0, 0
L -499, -172, 351,  -501, -197, 312,  0, 0, 0
L -501, -197, 312,  -505, -197, 311,  0, 0, 0
L -505, -197, 311,  -505, -167, 311,  0, 0, 0
L -505, -167, 311,  -449, -166, 311,  0, 0, 0
L -449, -166, 311,  -449, -140, 311,  0, 0, 0
L -449, -140, 311,  -463, -114, 313,  0, 0, 0
L -463, -114, 313,  -505, -113, 386,  0, 0, 0
L -505, -113, 386,  -519, -98, 402,  0, 0, 0
L -519, -98, 402,  -504, -82, 411,  0, 0, 0
L -504, -82, 411,  -475, -96, 480,  0, 0, 0
L -475, -96, 480,  -462, -96, 523,  0, 0, 0
L -462, -96, 523,  -419, -110, 520,  0, 0, 0
L -419, -110, 520,  -405, -125, 442,  0, 0, 0
L -405, -125, 442,  -404, -153, 294,  0, 0, 0
L -404, -153, 294,  -391, -166, 293,  0, 0, 0
L -391, -166, 293,  -375, -168, 291,  0, 0, 0
L -375, -168, 291,  -363, -180, 295,  0, 0, 0
L -363, -180, 295,  -335, -181, 293,  0, 0, 0
L -335, -181, 293,  -331, -190, 292,  0, 0, 0
L -331, -190, 292,  -322, -190, 292,  0, 0, 0
L -322, -190, 292,  -303, -204, 218,  0, 0, 0
L -303, -204, 218,  -293, -205, 182,  0, 0, 0
L -293, -205, 182,  -261, -234, 110,  0, 0, 0
L -261, -234, 110,  -225, -234, 42,  0, 0, 0
L -225, -234, 42,  -213, -231, 33,  0, 0, 0
L -213, -231, 33,  -213, -217, 31,  0, 0, 0
L -213, -217, 31,  -225, -210, 18,  0, 0, 0
L -225, -210, 18,  -210, -194, 31,  0, 0, 0
L -210, -194, 31,  -195, -208, 32,  0, 0, 0
L -195, -208, 32,  -181, -209, 32,  0, 0, 0
L -181, -209, 32,  -194, -225, 42,  0, 0, 0
L -194, -225, 42,  -194, -294, 106,  0, 0, 0
L -194, -294, 106,  -224, -309, 133,  0, 0, 0
L -224, -309, 133,  -238, -296, 131,  0, 0, 0
L -238, -296, 131,  -278, -309, 131,  0, 0, 0
L -278, -309, 131,  -278, -322, 133,  0, 0, 0
L -278, -322, 133,  -294, -323, 436,  0, 0, 0
L -294, -323, 436,  -321, -337, 535,  0, 0, 0
L -321, -337, 535,  -334, -364, 636,  0, 0, 0
L -334, -364, 636,  -321, -390, 668,  0, 0, 0
L -321, -390, 668,  -293, -391, 601,  0, 0, 0
L -293, -391, 601,  -292, -408, 250,  0, 0, 0
L -292, -408, 250,  -287, -419, 185,  0, 0, 0
L -287, -419, 185,  -287, -428, 218,  0, 0, 0
L -287, -428, 218,  -260, -442, 225,  0, 0, 0
L -260, -442, 225,  -238, -442, 184,  0, 0, 0
L -238, -442, 184,  -224, -432, 46,  0, 0, 0
L -224, -432, 45,  -224, -432, 45,  0, 0, 0
L -224, -432, 45,  -182, -446, 33,  0, 0, 0
L -182, -446, 33,  -167, -446, 31,  0, 0, 0
L -167, -446, 31,  -153, -461, 34,  0, 0, 0
L -153, -461, 34,  -152, -475, 33,  0, 0, 0
L -152, -475, 33,  -138, -490, 33,  0, 0, 0
L -138, -490, 33,  -139, -505, 33,  0, 0, 0
L -139, -505, 33,  -167, -505, 32,  0, 0, 0
L -167, -505, 32,  -180, -518, 32,  0, 0, 0
L -180, -518, 32,  -180, -530, 31,  0, 0, 0
L -180, -530, 31,  -168, -531, 32,  0, 0, 0
L -168, -531, 32,  -168, -556, 31,  0, 0, 0
L -168, -556, 31,  -163, -557, 33,  0, 0, 0
L -163, -557, 33,  -162, -567, 37,  0, 0, 0
L -162, -567, 37,  -171, -567, 50,  0, 0, 0
L -171, -567, 50,  -172, -561, 62,  0, 0, 0
L -172, -561, 62,  -180, -561, 72,  0, 0, 0
L -180, -561, 72,  -181, -575, 45,  0, 0, 0
L -181, -575, 45,  -194, -588, 45,  0, 0, 0
L -194, -588, 45,  -194, -601, 55,  0, 0, 0
L -194, -601, 55,  -180, -617, 81,  0, 0, 0
L -180, -617, 81,  -180, -657, 82,  0, 0, 0
L -180, -657, 82,  -152, -684, 79,  0, 0, 0
L -152, -684, 79,  -125, -684, 70,  0, 0, 0
L -125, -684, 70,  -110, -699, 49,  0, 0, 0
L -110, -699, 49,  -111, -728, 31,  0, 0, 0
L -111, -728, 31,  -128, -743, 31,  0, 0, 0
L -128, -743, 31,  -168, -743, 32,  0, 0, 0
L -168, -743, 32,  -195, -757, 32,  0, 0, 0
L -100, -826, 31,  -100, -826, 31,  0, 0, 0
L -100, -826, 31,  -113, -813, 31,  0, 0, 0
L -113, -813, 31,  -155, -813, 31,  0, 0, 0
L -155, -813, 31,  -169, -798, 31,  0, 0, 0
L -169, -798, 31,  -169, -784, 31,  0, 0, 0
L -169, -784, 31,  -155, -769, 31,  0, 0, 0
L -155, -769, 31,  -85, -768, 31,  0, 0, 0
L -85, -768, 31,  -72, -741, 35,  0, 0, 0
L -72, -741, 35,  -72, -673, 31,  0, 0, 0
L -72, -673, 31,  -84, -673, 33,  0, 0, 0
L -84, -673, 33,  -99, -659, 44,  0, 0, 0
L -99, -659, 44,  -127, -659, 73,  0, 0, 0
L -127, -659, 73,  -141, -644, 83,  0, 0, 0
L -141, -644, 83,  -142, -616, 81,  0, 0, 0
L -142, -616, 81,  -156, -601, 79,  0, 0, 0
L -156, -601, 79,  -155, -587, 65,  0, 0, 0
L -155, -587, 65,  -141, -586, 64,  0, 0, 0
L -141, -586, 64,  -128, -573, 51,  0, 0, 0
L -128, -573, 51,  -128, -561, 75,  0, 0, 0
L -128, -561, 75,  -138, -561, 62,  0, 0, 0
L -138, -561, 62,  -139, -567, 47,  0, 0, 0
L -139, -567, 47,  -148, -567, 33,  0, 0, 0
L -148, -567, 33,  -147, -557, 31,  0, 0, 0
L -147, -557, 31,  -141, -556, 31,  0, 0, 0
L -141, -556, 31,  -141, -530, 33,  0, 0, 0
L -141, -530, 33,  -128, -530, 33,  0, 0, 0
L -128, -530, 33,  -114, -517, 32,  0, 0, 0
L -114, -517, 32,  -114, -462, 32,  0, 0, 0
L -114, -462, 32,  -141, -433, 33,  0, 0, 0
L -110, -839, 39,  -110, -839, 39,  0, 0, 0
L -110, -839, 39,  -125, -824, 33,  0, 0, 0
L -125, -824, 33,  -167, -824, 33,  0, 0, 0
L -167, -824, 33,  -208, -783, 31,  0, 0, 0
L -208, -783, 31,  -195, -757, 33,  0, 0, 0
L -100, -420, 202,  -100, -420, 202,  0, 0, 0
L -100, -420, 202,  -113, -407, 245,  0, 0, 0
L -113, -407, 245,  -125, -407, 246,  0, 0, 0
L -125, -407, 246,  -139, -421, 186,  0, 0, 0
L -139, -421, 186,  -155, -407, 31,  0, 0, 0
L -155, -407, 31,  -182, -407, 33,  0, 0, 0
L -182, -407, 33,  -197, -393, 38,  0, 0, 0
L -197, -393, 38,  -206, -385, 187,  0, 0, 0
L -206, -385, 187,  -224, -388, 134,  0, 0, 0
L -224, -388, 134,  -231, -378, 171,  0, 0, 0
L -231, -378, 171,  -225, -359, 137,  0, 0, 0
L -225, -359, 137,  -223, -338, 182,  0, 0, 0
L -223, -338, 182,  -196, -341, 275,  0, 0, 0
L -196, -341, 275,  -169, -334, 74,  0, 0, 0
L -169, -334, 74,  -156, -307, 71,  0, 0, 0
L -156, -307, 71,  -156, -281, 63,  0, 0, 0
L -156, -281, 63,  -169, -267, 61,  0, 0, 0
L -169, -267, 61,  -154, -250, 33,  0, 0, 0
L -154, -250, 33,  -141, -250, 33,  0, 0, 0
L -141, -250, 33,  -128, -238, 31,  0, 0, 0
L -128, -238, 31,  -127, -194, 33,  0, 0, 0
L -127, -194, 33,  -113, -194, 33,  0, 0, 0
L -113, -194, 33,  -98, -180, 31,  0, 0, 0
L -98, -180, 31,  -86, -194, 32,  0, 0, 0
L -86, -194, 32,  -70, -194, 32,  0, 0, 0
L -70, -194, 32,  -68, -209, 31,  0, 0, 0
L -68, -209, 31,  -54, -224, 33,  0, 0, 0
L -54, -224, 33,  -55, -239, 31,  0, 0, 0
L -55, -239, 31,  -84, -226, 31,  0, 0, 0
L -84, -226, 31,  -97, -225, 31,  0, 0, 0
L -97, -225, 31,  -110, -239, 31,  0, 0, 0
L -110, -239, 31,  -110, -292, 154,  0, 0, 0
L -110, -292, 154,  -110, -335, 349,  0, 0, 0
L -110, -335, 349,  -97, -348, 324,  0, 0, 0
L -97, -348, 324,  -85, -335, 156,  0, 0, 0
L -85, -335, 156,  -69, -335, 50,  0, 0, 0
L -69, -335, 50,  -68, -348, 36,  0, 0, 0
L -68, -348, 36,  -43, -348, 120,  0, 0, 0
L -43, -348, 120,  -29, -335, 155,  0, 0, 0
L -29, -335, 155,  -13, -349, 501,  0, 0, 0
L -13, -349, 501,  -12, -363, 501,  0, 0, 0
L -12, -363, 501,  28, -405, 98,  0, 0, 0
L 28, -405, 98,  29, -418, 96,  0, 0, 0
L 29, -418, 96,  41, -418, 54,  0, 0, 0
L 41, -418, 54,  56, -432, 31,  0, 0, 0
L 56, -432, 31,  68, -432, 147,  0, 0, 0
L 68, -432, 147,  79, -421, 147,  0, 0, 0
L 79, -421, 147,  81, -405, 232,  0, 0, 0
L 81, -405, 232,  95, -404, 296,  0, 0, 0
L 95, -404, 296,  96, -391, 212,  0, 0, 0
L 96, -391, 212,  113, -420, 490,  0, 0, 0
L 113, -420, 490,  137, -432, 282,  0, 0, 0
L 137, -432, 282,  138, -363, 33,  0, 0, 0
L 138, -363, 33,  165, -362, 33,  0, 0, 0
L 165, -362, 33,  166, -321, 33,  0, 0, 0
L 166, -321, 33,  206, -320, 32,  0, 0, 0
L 206, -320, 32,  206, -324, 31,  0, 0, 0
L 206, -324, 31,  171, -325, 85,  0, 0, 0
L 171, -325, 85,  170, -367, 33,  0, 0, 0
L 170, -367, 33,  143, -367, 31,  0, 0, 0
L 143, -367, 31,  142, -430, 86,  0, 0, 0
L 142, -430, 86,  207, -430, 171,  0, 0, 0
L 156, -421, 32,  156, -421, 31,  0, 0, 0
L 156, -421, 31,  155, -416, 33,  0, 0, 0
L 155, -416, 33,  198, -417, 31,  0, 0, 0
L 198, -417, 31,  198, -430, 75,  0, 0, 0
L 198, -430, 75,  235, -430, 86,  0, 0, 0
L 235, -430, 86,  236, -383, 32,  0, 0, 0
L 236, -383, 32,  240, -383, 31,  0, 0, 0
L 240, -383, 31,  240, -430, 31,  0, 0, 0
L 240, -430, 31,  277, -430, 31,  0, 0, 0
L 277, -430, 31,  277, -325, 77,  0, 0, 0
L 277, -325, 77,  224, -325, 31,  0, 0, 0
L 224, -325, 31,  224, -368, 76,  0, 0, 0
L 224, -368, 76,  270, -369, 34,  0, 0, 0
L 270, -369, 34,  270, -395, 31,  0, 0, 0
L 270, -395, 31,  266, -395, 31,  0, 0, 0
L 266, -395, 31,  265, -373, 32,  0, 0, 0
L 265, -373, 32,  224, -373, 31,  0, 0, 0
L 224, -373, 31,  224, -421, 31,  0, 0, 0
L 224, -421, 31,  219, -421, 33,  0, 0, 0
L 219, -421, 33,  219, -325, 85,  0, 0, 0
L 219, -325, 85,  213, -324, 33,  0, 0, 0
L 213, -324, 33,  213, -320, 31,  0, 0, 0
L 213, -320, 31,  221, -320, 33,  0, 0, 0
L 221, -320, 33,  208, -295, 33,  0, 0, 0
L 208, -295, 33,  154, -295, 33,  0, 0, 0
L 154, -295, 33,  141, -308, 33,  0, 0, 0
L 141, -308, 33,  140, -337, 33,  0, 0, 0
L 140, -337, 33,  125, -337, 33,  0, 0, 0
L 125, -337, 33,  110, -323, 33,  0, 0, 0
L 110, -323, 33,  110, -307, 31,  0, 0, 0
L 110, -307, 31,  137, -279, 32,  0, 0, 0
L 137, -279, 32,  137, -267, 31,  0, 0, 0
L 137, -267, 31,  110, -239, 36,  0, 0, 0
L 12, -138, 31,  12, -138, 33,  0, 0, 0
L 12, -138, 33,  27, -124, 33,  0, 0, 0
L 27, -124, 33,  56, -153, 31,  0, 0, 0
L 56, -153, 31,  84, -167, 33,  0, 0, 0
L 84, -167, 33,  84, -183, 31,  0, 0, 0
L 84, -183, 31,  42, -197, 32,  0, 0, 0
L 42, -197, 32,  29, -224, 33,  0, 0, 0
L 29, -224, 33,  29, -250, 33,  0, 0, 0
L 29, -250, 33,  41, -250, 32,  0, 0, 0
L 41, -250, 32,  56, -266, 31,  0, 0, 0
L 56, -266, 31,  43, -280, 31,  0, 0, 0
L 43, -280, 31,  56, -293, 31,  0, 0, 0
L 56, -293, 31,  57, -306, 31,  0, 0, 0
L 57, -306, 31,  68, -306, 32,  0, 0, 0
L 68, -306, 32,  81, -293, 33,  0, 0, 0
L 81, -293, 33,  81, -279, 31,  0, 0, 0
L 81, -279, 31,  97, -264, 31,  0, 0, 0
L 97, -264, 31,  113, -280, 31,  0, 0, 0
L 113, -280, 31,  85, -309, 33,  0, 0, 0
L 85, -309, 33,  85, -334, 31,  0, 0, 0
L 85, -334, 31,  97, -334, 31,  0, 0, 0
L 97, -334, 31,  112, -349, 31,  0, 0, 0
L 112, -349, 31,  112, -365, 32,  0, 0, 0
L 112, -365, 32,  97, -365, 31,  0, 0, 0
L 97, -365, 31,  82, -351, 31,  0, 0, 0
L 82, -351, 31,  70, -351, 32,  0, 0, 0
L 70, -351, 32,  57, -364, 32,  0, 0, 0
L 57, -364, 32,  56, -379, 33,  0, 0, 0
L 56, -379, 33,  41, -379, 53,  0, 0, 0
L 41, -379, 53,  26, -365, 102,  0, 0, 0
L 26, -365, 102,  25, -350, 100,  0, 0, 0
L 25, -350, 100,  39, -335, 142,  0, 0, 0
L 39, -335, 142,  39, -323, 142,  0, 0, 0
L 39, -323, 142,  25, -307, 100,  0, 0, 0
L 25, -307, 100,  25, -295, 100,  0, 0, 0
L 25, -295, 100,  13, -282, 104,  0, 0, 0
L 13, -282, 104,  0, -281, 148,  0, 0, 0
L 0, -281, 148,  -13, -295, 138,  0, 0, 0
L -13, -295, 138,  -27, -295, 150,  0, 0, 0
L -27, -295, 150,  -41, -309, 128,  0, 0, 0
L -41, -309, 128,  -57, -295, 75,  0, 0, 0
L -57, -295, 75,  -72, -294, 34,  0, 0, 0
L -72, -294, 34,  -71, -279, 31,  0, 0, 0
L -71, -279, 31,  -56, -264, 31,  0, 0, 0
L -56, -264, 31,  -41, -278, 31,  0, 0, 0
L -41, -278, 31,  -29, -278, 33,  0, 0, 0
L -29, -278, 33,  -16, -251, 33,  0, 0, 0
L -16, -251, 33,  -15, -223, 33,  0, 0, 0
L -15, -223, 33,  -1, -222, 31,  0, 0, 0
L -1, -222, 31,  11, -209, 31,  0, 0, 0
L 11, -209, 31,  12, -195, 32,  0, 0, 0
L 12, -195, 32,  25, -182, 33,  0, 0, 0
L 25, -182, 33,  12, -170, 33,  0, 0, 0
L 12, -170, 33,  0, -169, 31,  0, 0, 0
L 0, -169, 31,  -15, -155, 34,  0, 0, 0
L -15, -155, 34,  -1, -138, 33,  0, 0, 0
L -1, -138, 33,  12, -138, 33,  0, 0, 0
L -72, -672, 493,  -72, -672, 493,  0, 0, 0
L -72, -672, 493,  -58, -658, 493,  0, 0, 0
L -58, -658, 493,  -58, -630, 392,  0, 0, 0
L -58, -630, 392,  -71, -617, 367,  0, 0, 0
L -71, -617, 367,  -85, -617, 392,  0, 0, 0
L -85, -617, 392,  -85, -600, 354,  0, 0, 0
L -85, -600, 354,  -72, -587, 359,  0, 0, 0
L -72, -587, 359,  -72, -518, 311,  0, 0, 0
L -72, -518, 311,  -86, -502, 304,  0, 0, 0
L -86, -502, 304,  -86, -448, 291,  0, 0, 0
L -86, -448, 291,  -99, -434, 209,  0, 0, 0
L -99, -434, 209,  -100, -420, 199,  0, 0, 0
L -69, -68, 593,  -69, -68, 593,  0, 0, 0
L -69, -68, 593,  -82, -68, 660,  0, 0, 0
L -82, -68, 660,  -83, -55, 591,  0, 0, 0
L -83, -55, 591,  -99, -55, 576,  0, 0, 0
L -99, -55, 576,  -100, -97, 456,  0, 0, 0
L -100, -97, 456,  -113, -110, 441,  0, 0, 0
L -113, -110, 441,  -126, -110, 363,  0, 0, 0
L -126, -110, 363,  -141, -124, 351,  0, 0, 0
L -141, -124, 351,  -153, -124, 354,  0, 0, 0
L -153, -124, 354,  -168, -110, 351,  0, 0, 0
L -168, -110, 351,  -237, -110, 311,  0, 0, 0
L -237, -110, 311,  -251, -97, 314,  0, 0, 0
L -251, -97, 314,  -264, -96, 375,  0, 0, 0
L -264, -96, 375,  -265, -69, 373,  0, 0, 0
L -265, -69, 373,  -279, -68, 413,  0, 0, 0
L -279, -68, 413,  -294, -54, 451,  0, 0, 0
L -294, -54, 451,  -309, -70, 456,  0, 0, 0
L -309, -70, 456,  -309, -83, 454,  0, 0, 0
L -309, -83, 454,  -323, -96, 450,  0, 0, 0
L -323, -96, 450,  -335, -96, 454,  0, 0, 0
L -335, -96, 454,  -348, -83, 508,  0, 0, 0
L -348, -83, 508,  -348, -71, 495,  0, 0, 0
L -348, -71, 495,  -335, -57, 451,  0, 0, 0
L -335, -57, 451,  -335, -41, 456,  0, 0, 0
L -335, -41, 456,  -362, -40, 503,  0, 0, 0
L -362, -40, 503,  -362, -15, 450,  0, 0, 0
L -362, -15, 450,  -349, -2, 454,  0, 0, 0
L -349, -2, 454,  -335, -1, 456,  0, 0, 0
L -335, -1, 456,  -322, 11, 481,  0, 0, 0
L -322, 11, 481,  -309, -1, 496,  0, 0, 0
L -309, -1, 496,  -309, -13, 504,  0, 0, 0
L -309, -13, 504,  -323, -28, 451,  0, 0, 0
L -323, -28, 451,  -281, -30, 415,  0, 0, 0
L -281, -30, 415,  -266, -44, 394,  0, 0, 0
L -266, -44, 394,  -250, -28, 321,  0, 0, 0
L -250, -28, 321,  -265, -26, 329,  0, 0, 0
L -265, -26, 329,  -292, 0, 337,  0, 0, 0
L -292, 0, 337,  -292, 25, 342,  0, 0, 0
L -292, 25, 342,  -265, 26, 331,  0, 0, 0
L -265, 26, 331,  -251, 40, 321,  0, 0, 0
L -251, 40, 321,  -250, 54, 313,  0, 0, 0
L -250, 54, 313,  -237, 68, 314,  0, 0, 0
L -237, 68, 314,  -236, 84, 316,  0, 0, 0
L -236, 84, 316,  -252, 85, 311,  0, 0, 0
L -252, 85, 311,  -267, 70, 236,  0, 0, 0
L -267, 70, 236,  -293, 71, 204,  0, 0, 0
L -293, 71, 204,  -306, 84, 135,  0, 0, 0
L -306, 84, 135,  -306, 96, 89,  0, 0, 0
L -306, 96, 89,  -293, 110, 37,  0, 0, 0
L -293, 110, 34,  -293, 110, 34,  0, 0, 0
L -293, 110, 34,  -281, 111, 32,  0, 0, 0
L -281, 111, 33,  -281, 111, 33,  0, 0, 0
L -281, 111, 33,  -281, 97, 102,  0, 0, 0
L -281, 97, 102,  -284, 88, 134,  0, 0, 0
L -284, 88, 134,  -266, 95, 242,  0, 0, 0
L -266, 95, 242,  -251, 109, 312,  0, 0, 0
L -251, 109, 312,  -239, 109, 313,  0, 0, 0
L -239, 109, 313,  -225, 96, 314,  0, 0, 0
L -225, 96, 314,  -211, 95, 311,  0, 0, 0
L -211, 95, 311,  -211, 84, 311,  0, 0, 0
L -211, 84, 311,  -225, 70, 311,  0, 0, 0
L -225, 70, 311,  -224, 53, 325,  0, 0, 0
L -224, 53, 325,  -207, 53, 401,  0, 0, 0
L -207, 53, 401,  -206, 76, 508,  0, 0, 0
L -206, 76, 508,  -199, 91, 510,  0, 0, 0
L -199, 91, 510,  -175, 91, 510,  0, 0, 0
L -175, 91, 510,  -164, 77, 529,  0, 0, 0
L -164, 77, 529,  -169, 56, 655,  0, 0, 0
L -169, 56, 655,  -170, 42, 661,  0, 0, 0
L -170, 42, 661,  -170, 42, 663,  0, 0, 0
L -170, 42, 663,  -181, 54, 666,  0, 0, 0
L -180, 55, 662,  -180, 55, 664,  0, 0, 0
L -180, 55, 664,  -181, 78, 518,  0, 0, 0
L -181, 78, 518,  -195, 78, 513,  0, 0, 0
L -195, 78, 513,  -193, 50, 401,  0, 0, 0
L -193, 50, 401,  -201, 43, 403,  0, 0, 0
L -201, 43, 403,  -238, 42, 314,  0, 0, 0
L -238, 42, 314,  -239, 28, 321,  0, 0, 0
L -239, 28, 321,  -253, 15, 330,  0, 0, 0
L -253, 15, 330,  -281, 14, 340,  0, 0, 0
L -281, 14, 340,  -264, -2, 330,  0, 0, 0
L -264, -2, 330,  -239, -2, 321,  0, 0, 0
L -239, -2, 321,  -224, -16, 322,  0, 0, 0
L -224, -16, 322,  -211, -16, 311,  0, 0, 0
L -211, -16, 311,  -182, -44, 311,  0, 0, 0
L -182, -44, 311,  -167, -43, 354,  0, 0, 0
L -167, -43, 354,  -153, -29, 351,  0, 0, 0
L -153, -29, 351,  -152, -16, 405,  0, 0, 0
L -152, -16, 405,  -141, -16, 405,  0, 0, 0
L -141, -16, 405,  -114, -42, 383,  0, 0, 0
L -114, -42, 383,  -127, -70, 352,  0, 0, 0
L -127, -70, 352,  -112, -85, 500,  0, 0, 0
L -112, -85, 500,  -110, -56, 571,  0, 0, 0
L -110, -56, 571,  -97, -37, 583,  0, 0, 0
L -97, -37, 583,  -96, -23, 580,  0, 0, 0
L -96, -23, 580,  -84, -14, 628,  0, 0, 0
L -84, -14, 628,  -72, -27, 619,  0, 0, 0
L -72, -27, 619,  -70, -44, 593,  0, 0, 0
L -70, -44, 593,  -70, -44, 593,  0, 0, 0
L -70, -44, 593,  -70, -68, 593,  0, 0, 0
L -323, 156, -116,  -323, 156, -118,  0, 0, 0
L -323, 156, -118,  -307, 141, -73,  0, 0, 0
L -307, 141, -73,  -293, 140, -66,  0, 0, 0
L -293, 140, -66,  -292, 111, 32,  0, 0, 0
L -281, 111, 32,  -281, 111, 33,  0, 0, 0
L -281, 111, 33,  -268, 125, -25,  0, 0, 0
L -268, 125, -25,  -281, 138, -62,  0, 0, 0
L -281, 138, -62,  -281, 151, -68,  0, 0, 0
L -281, 151, -68,  -294, 151, -66,  0, 0, 0
L -294, 151, -66,  -309, 165, -154,  0, 0, 0
L -309, 165, -154,  -320, 165, -155,  0, 0, 0
L -320, 165, -155,  -323, 163, -167,  0, 0, 0
L -338, 187, 348,  -338, 187, 348,  0, 0, 0
L -338, 187, 348,  -338, 175, 322,  0, 0, 0
L -338, 175, 322,  -340, 166, 322,  0, 0, 0
P -100, -800, 0, 0, 0, 0, 2, East Karana
P -100, 950, 0, 0, 0, 0, 2, Kithicor Woods
P 75, 20, 0, 0, 0, 0, 2, High Keep
P -74, -164, 0, 0, 0, 0, 2, Succor Point
