L 2575, -418, 0,  2568, -418, 0,  0, 0, 0
L 2568, -418, 0,  2557, -430, 0,  0, 0, 0
L 2557, -430, 0,  2556, -490, 0,  0, 0, 0
L 2556, -490, 0,  2545, -502, 0,  0, 0, 0
L 2545, -502, 0,  2496, -501, 0,  0, 0, 0
L 2496, -501, 0,  2475, -512, 0,  0, 0, 0
L 2475, -512, 0,  2431, -511, 0,  0, 0, 0
L 2431, -511, 0,  2440, -1167, 0,  0, 0, 0
L 2440, -1167, 0,  1898, -1158, 0,  0, 0, 0
L 1898, -1158, 0,  1510, -1152, 0,  0, 0, 0
L 1510, -1152, 0,  664, -1134, 0,  0, 0, 0
L 664, -1134, 0,  48, -1129, 0,  0, 0, 0
L 48, -1129, 0,  48, -648, 0,  0, 0, 0
L 48, -648, 0,  98, -650, 0,  0, 0, 0
L 98, -650, 0,  100, -633, 0,  0, 0, 0
L 100, -633, 0,  110, -632, 0,  0, 0, 0
L 110, -632, 0,  110, -584, 0,  0, 0, 0
L 110, -584, 0,  48, -594, 0,  0, 0, 0
L 48, -594, 0,  48, -139, 0,  0, 0, 0
L 48, -139, 0,  102, -139, 0,  0, 0, 0
L 102, -139, 0,  100, -86, 0,  0, 0, 0
L 100, -86, 0,  48, -85, 0,  0, 0, 0
L 48, -85, 0,  48, 90, 0,  0, 0, 0
L 48, 90, 0,  26, 91, 0,  0, 0, 0
L 26, 91, 0,  26, -1129, 0,  0, 0, 0
L 26, -1129, 0,  -1248, -1167, 0,  0, 0, 0
L -1248, -1167, 0,  -1252, -831, 0,  0, 0, 0
L -1252, -831, 0,  -1254, -645, 0,  0, 0, 0
L -1254, -645, 0,  -1256, -455, 0,  0, 0, 0
L -1256, -455, 0,  -1258, -271, 0,  0, 0, 0
L -1258, -271, 0,  -1261, -86, 0,  0, 0, 0
L -1261, -86, 0,  -1263, 142, 0,  0, 0, 0
L -1263, 142, 0,  -1267, 457, 0,  0, 0, 0
L -1267, 457, 0,  -1269, 775, 0,  0, 0, 0
L -1269, 775, 0,  -1332, 778, 0,  0, 0, 0
L -1332, 778, 0,  -1416, 789, 0,  0, 0, 0
L -1416, 789, 0,  -1442, 815, 0,  0, 0, 0
L -1417, 827, 0,  -1417, 814, 0,  0, 0, 0
L -1417, 814, 0,  -1329, 820, 0,  0, 0, 0
L -1329, 820, 0,  -1207, 824, 0,  0, 0, 0
L -1207, 824, 0,  -1258, 968, 0,  0, 0, 0
L -1258, 968, 0,  -1239, 1150, 0,  0, 0, 0
L -1239, 1150, 0,  -946, 1149, 0,  0, 0, 0
L -946, 1149, 0,  -558, 1146, 0,  0, 0, 0
L -558, 1146, 0,  -312, 1145, 0,  0, 0, 0
L -312, 1145, 0,  56, 1143, 0,  0, 0, 0
L 56, 1143, 0,  455, 1141, 0,  0, 0, 0
L 455, 1141, 0,  455, 862, 0,  0, 0, 0
L 455, 862, 0,  409, 760, 0,  0, 0, 0
L 409, 760, 0,  408, 659, 0,  0, 0, 0
L 408, 659, 0,  304, 556, 0,  0, 0, 0
L 304, 556, 0,  303, 456, 0,  0, 0, 0
L 303, 456, 0,  155, 349, 0,  0, 0, 0
L 155, 349, 0,  111, 252, 0,  0, 0, 0
L 111, 252, 0,  26, 151, 0,  0, 0, 0
L 26, 151, 0,  25, 111, 0,  0, 0, 0
L 25, 111, 0,  48, 110, 0,  0, 0, 0
L 48, 110, 0,  48, 151, 0,  0, 0, 0
L 48, 151, 0,  107, 220, 0,  0, 0, 0
L 107, 220, 0,  149, 189, 0,  0, 0, 0
L 149, 189, 0,  159, 202, 0,  0, 0, 0
L 159, 202, 0,  169, 196, 0,  0, 0, 0
L 169, 196, 0,  181, 232, 0,  0, 0, 0
L 181, 232, 0,  139, 264, 0,  0, 0, 0
L 139, 264, 0,  180, 353, 0,  0, 0, 0
L 180, 353, 0,  324, 453, 0,  0, 0, 0
L 324, 453, 0,  345, 535, 0,  0, 0, 0
L 345, 535, 0,  433, 657, 0,  0, 0, 0
L 433, 657, 0,  431, 757, 0,  0, 0, 0
L 431, 757, 0,  478, 737, 0,  0, 0, 0
L 478, 737, 0,  504, 796, 0,  0, 0, 0
L 504, 796, 0,  452, 807, 0,  0, 0, 0
L 452, 807, 0,  477, 863, 0,  0, 0, 0
L 477, 863, 0,  477, 1141, 0,  0, 0, 0
L 477, 1141, 0,  654, 1144, 0,  0, 0, 0
L 654, 1144, 0,  1218, 1155, 0,  0, 0, 0
L 1218, 1155, 0,  1660, 1164, 0,  0, 0, 0
L 1660, 1164, 0,  1971, 1170, 0,  0, 0, 0
L 1971, 1170, 0,  2356, 1178, 0,  0, 0, 0
L 2356, 1178, 0,  2387, 683, 0,  0, 0, 0
L 2387, 683, 0,  2398, 516, 0,  0, 0, 0
L 2398, 516, 0,  2411, 309, 0,  0, 0, 0
L 2411, 309, 0,  2424, 102, 0,  0, 0, 0
L 2424, 102, 0,  2437, -107, 0,  0, 0, 0
L 2437, -107, 0,  2447, -275, 0,  0, 0, 0
L 2447, -275, 0,  2459, -474, 0,  0, 0, 0
L 2459, -474, 0,  2500, -481, 0,  0, 0, 0
L 2500, -481, 0,  2522, -480, 0,  0, 0, 0
L 2522, -480, 0,  2535, -467, 0,  0, 0, 0
L 2535, -467, 0,  2535, -408, 0,  0, 0, 0
L 2535, -408, 0,  2546, -396, 0,  0, 0, 0
L 2546, -396, 0,  2564, -396, 0,  0, 0, 0
L 2353, -505, -48,  2353, -505, -48,  0, 0, 0
L 2353, -505, -48,  2250, -503, -48,  0, 0, 0
L 2250, -503, -48,  2177, -427, -63,  0, 0, 0
L 2177, -427, -63,  2143, -370, -58,  0, 0, 0
L 2143, -370, -58,  1867, -103, 48,  0, 0, 0
L 1867, -103, 48,  1550, -102, 29,  0, 0, 0
L 1550, -102, 29,  1471, -200, -5,  0, 0, 0
L 1471, -200, -5,  1264, -400, 74,  0, 0, 0
L 1264, -400, 74,  1149, -398, 206,  0, 0, 0
L 1149, -398, 206,  930, -165, 159,  0, 0, 0
L 930, -165, 159,  780, -13, 59,  0, 0, 0
L 780, -13, 59,  662, 1, 51,  0, 0, 0
L 662, 1, 51,  447, -4, 32,  0, 0, 0
L 447, -4, 32,  371, 104, 25,  0, 0, 0
L 371, 104, 25,  64, 101, 37,  0, 0, 0
L 649, 2, 53,  649, 2, 53,  0, 0, 0
L 649, 2, 53,  662, 81, 26,  0, 0, 0
L 662, 81, 26,  909, 94, 4,  0, 0, 0
L 909, 94, 4,  1061, 192, -17,  0, 0, 0
L 1061, 192, -17,  1165, 300, 19,  0, 0, 0
L 1165, 300, 19,  1262, 388, 103,  0, 0, 0
L 1262, 388, 103,  1254, 500, 104,  0, 0, 0
P 1826, 498, 0, 0, 0, 0, 2, Druid Ring
P 2409, -531, 0, 0, 0, 0, 2, Rivervale
P -415, 1100, 0, 0, 0, 0, 2, Goblins
P -1133, 969, 0, 0, 0, 0, 2, Goblins
P -1212, 777, 0, 0, 0, 0, 2, Runnyeye
P -1089, 324, 0, 0, 0, 0, 2, Goblins
P -1092, -1020, 0, 0, 0, 0, 2, Orcs
P -564, -308, 0, 0, 0, 0, 2, Undead
P 0, 0, 0, 0, 0, 0, 2, Succor Point
