L 1834, -465, -219,  1834, -465, -219,  0, 0, 0
L 1834, -465, -219,  1811, -465, -219,  0, 0, 0
L 1811, -465, -219,  1810, -525, -219,  0, 0, 0
L 1810, -525, -219,  1803, -525, -219,  0, 0, 0
L 1803, -525, -219,  1793, -513, -219,  0, 0, 0
L 1793, -513, -219,  1749, -512, -39,  0, 0, 0
L 1749, -512, -39,  1792, -508, -19,  0, 0, 0
L 1792, -508, -19,  1751, -485, -19,  0, 0, 0
L 1751, -485, -19,  1737, -485, -19,  0, 0, 0
L 1737, -485, -19,  1709, -485, -19,  0, 0, 0
L 1709, -485, -19,  1558, -485, -19,  0, 0, 0
L 1558, -485, -19,  1531, -487, -19,  0, 0, 0
L 1531, -487, -19,  1507, -497, -19,  0, 0, 0
L 1507, -497, -19,  1493, -513, -39,  0, 0, 0
L 1493, -513, -39,  1488, -529, -39,  0, 0, 0
L 1488, -529, -39,  1478, -532, -36,  0, 0, 0
L 1478, -532, -36,  1473, -530, -39,  0, 0, 0
L 1473, -530, -39,  1475, -520, -39,  0, 0, 0
L 1475, -520, -39,  1475, -520, -39,  0, 0, 0
L 1475, -520, -39,  1489, -493, -39,  0, 0, 0
L 1489, -493, -39,  1489, -493, -39,  0, 0, 0
L 1489, -493, -39,  1511, -474, -39,  0, 0, 0
L 1511, -474, -39,  1533, -468, -39,  0, 0, 0
L 1533, -468, -39,  1563, -465, -32,  0, 0, 0
L 1563, -465, -32,  1572, -465, 20,  0, 0, 0
L 1572, -465, 20,  1587, -464, 116,  0, 0, 0
L 1587, -464, 116,  1592, -461, 148,  0, 0, 0
L 1592, -461, 148,  1595, -461, 171,  0, 0, 0
L 1595, -461, 171,  1603, -460, 243,  0, 0, 0
L 1603, -460, 243,  1604, -460, 244,  0, 0, 0
L 1604, -460, 244,  1604, -463, 258,  0, 0, 0
L 1604, -463, 258,  1606, -477, 306,  0, 0, 0
L 1606, -477, 306,  1615, -480, 408,  0, 0, 0
L 1615, -480, 408,  1634, -491, 653,  0, 0, 0
L 1634, -491, 653,  1640, -498, 732,  0, 0, 0
L 1640, -498, 732,  1645, -506, 792,  0, 0, 0
L 1645, -506, 792,  1648, -515, 843,  0, 0, 0
L 1648, -515, 843,  1648, -524, 861,  0, 0, 0
L 1648, -524, 861,  1636, -540, 876,  0, 0, 0
L 1636, -540, 876,  1628, -558, 828,  0, 0, 0
L 1628, -558, 828,  1590, -597, 402,  0, 0, 0
L 1590, -597, 402,  1572, -617, 204,  0, 0, 0
L 1572, -617, 204,  1560, -610, -26,  0, 0, 0
L 1560, -610, -26,  1560, -610, -26,  0, 0, 0
L 1560, -610, -26,  1547, -610, -39,  0, 0, 0
L 1547, -610, -39,  1530, -606, -39,  0, 0, 0
L 1530, -606, -39,  1530, -606, -39,  0, 0, 0
L 1530, -606, -39,  1505, -597, -39,  0, 0, 0
L 1505, -597, -39,  1489, -582, -39,  0, 0, 0
L 1489, -582, -39,  1480, -570, -39,  0, 0, 0
L 1480, -570, -39,  1477, -564, -39,  0, 0, 0
L 1477, -564, -39,  1474, -548, -39,  0, 0, 0
L 1474, -548, -39,  1473, -544, -39,  0, 0, 0
L 1473, -544, -39,  1473, -544, -39,  0, 0, 0
L 1473, -544, -39,  1489, -549, -39,  0, 0, 0
L 1489, -549, -39,  1489, -549, -39,  0, 0, 0
L 1489, -549, -39,  1492, -559, -39,  0, 0, 0
L 1492, -559, -39,  1508, -578, -19,  0, 0, 0
L 1508, -578, -19,  1528, -587, -19,  0, 0, 0
L 1528, -587, -19,  1704, -590, -19,  0, 0, 0
L 1704, -590, -19,  1719, -590, -19,  0, 0, 0
L 1719, -590, -19,  1737, -590, -19,  0, 0, 0
L 1737, -590, -19,  1751, -590, -19,  0, 0, 0
L 1751, -590, -19,  1755, -588, -19,  0, 0, 0
L 1755, -588, -19,  1755, -588, -19,  0, 0, 0
L 1755, -588, -19,  1771, -584, -19,  0, 0, 0
L 1771, -584, -19,  1792, -567, -19,  0, 0, 0
L 1792, -567, -19,  1749, -563, -39,  0, 0, 0
L 1749, -563, -39,  1796, -559, -219,  0, 0, 0
L 1796, -559, -219,  1803, -550, -217,  0, 0, 0
L 1803, -550, -217,  1811, -555, -219,  0, 0, 0
L 1811, -555, -219,  1811, -610, -219,  0, 0, 0
L 1835, -582, -219,  1835, -582, -219,  0, 0, 0
L 1835, -582, -219,  1835, -488, -219,  0, 0, 0
L 1100, -2040, 2004,  1100, -2040, 2004,  0, 0, 0
L 1100, -2040, 2004,  1117, -1981, 1942,  0, 0, 0
L 1117, -1981, 1942,  1101, -1944, 1894,  0, 0, 0
L 1101, -1944, 1894,  1068, -1923, 1851,  0, 0, 0
L 1068, -1923, 1851,  1023, -1917, 1781,  0, 0, 0
L 1023, -1917, 1781,  1010, -1908, 1748,  0, 0, 0
L 1010, -1908, 1748,  1008, -1881, 1665,  0, 0, 0
L 1008, -1881, 1665,  1018, -1875, 1624,  0, 0, 0
L 1018, -1875, 1624,  1047, -1873, 1536,  0, 0, 0
L 1047, -1873, 1536,  1087, -1857, 1460,  0, 0, 0
L 1087, -1857, 1460,  1105, -1830, 1445,  0, 0, 0
L 1105, -1830, 1445,  1109, -1796, 1375,  0, 0, 0
L 1109, -1796, 1375,  1093, -1758, 1281,  0, 0, 0
L 1093, -1758, 1281,  1078, -1735, 1217,  0, 0, 0
L 1078, -1735, 1217,  1072, -1714, 1140,  0, 0, 0
L 1072, -1714, 1140,  1072, -1698, 1100,  0, 0, 0
L 1072, -1698, 1100,  1088, -1658, 953,  0, 0, 0
L 1088, -1658, 953,  1091, -1614, 982,  0, 0, 0
L 1057, -2038, 1999,  1057, -2038, 1999,  0, 0, 0
L 1057, -2038, 1999,  1063, -2025, 2003,  0, 0, 0
L 1063, -2025, 2003,  1077, -1993, 1969,  0, 0, 0
L 1077, -1993, 1969,  1077, -1980, 1943,  0, 0, 0
L 1077, -1980, 1943,  1071, -1968, 1911,  0, 0, 0
L 1071, -1968, 1911,  1048, -1959, 1862,  0, 0, 0
L 1048, -1959, 1862,  1024, -1957, 1813,  0, 0, 0
L 1024, -1957, 1813,  998, -1949, 1765,  0, 0, 0
L 998, -1949, 1765,  978, -1931, 1745,  0, 0, 0
L 978, -1931, 1745,  965, -1899, 1695,  0, 0, 0
L 965, -1899, 1695,  968, -1871, 1650,  0, 0, 0
L 968, -1871, 1650,  986, -1849, 1613,  0, 0, 0
L 986, -1849, 1613,  1015, -1836, 1572,  0, 0, 0
L 1015, -1836, 1572,  1045, -1834, 1540,  0, 0, 0
L 1045, -1834, 1540,  1063, -1828, 1503,  0, 0, 0
L 1063, -1828, 1503,  1070, -1809, 1457,  0, 0, 0
L 1070, -1809, 1457,  1065, -1788, 1412,  0, 0, 0
L 1065, -1788, 1412,  1049, -1765, 1258,  0, 0, 0
L 1049, -1765, 1258,  1037, -1738, 1199,  0, 0, 0
L 1037, -1738, 1199,  1033, -1714, 1148,  0, 0, 0
L 1033, -1714, 1148,  1033, -1694, 1076,  0, 0, 0
L 1033, -1694, 1076,  1045, -1662, 974,  0, 0, 0
L 1045, -1662, 974,  1053, -1617, 912,  0, 0, 0
P -249, -706, 0, 0, 0, 0, 2, Recuso Camp
P -1376, -252, 0, 0, 0, 0, 2, Recuso Camp
P -948, 1066, 0, 0, 0, 0, 2, Recuso Camp
P 1832, -520, 0, 0, 0, 0, 2, Netherbian Lair
P 1000, -1850, 0, 0, 0, 0, 2, Mons Letalis
P 980, 2050, 0, 0, 0, 0, 2, Sanctus Seru
P 0, 0, 0, 0, 0, 0, 2, Succor Point
