L -868, 26, 43,  -868, 26, 43,  0, 0, 0
L -868, 26, 43,  -867, 86, 43,  0, 0, 0
L -867, 86, 43,  -793, 86, 63,  0, 0, 0
L -793, 86, 63,  -777, 87, 63,  0, 0, 0
L -777, 87, 63,  -748, 116, 123,  0, 0, 0
L -748, 116, 123,  -724, 116, 143,  0, 0, 0
L -724, 116, 143,  -702, 67, 43,  0, 0, 0
L -702, 67, 43,  -656, 66, 43,  0, 0, 0
L -656, 66, 43,  -655, 93, 43,  0, 0, 0
L -655, 93, 43,  -631, 119, 43,  0, 0, 0
L -631, 119, 43,  -617, 122, 43,  0, 0, 0
L -617, 122, 43,  -594, 99, 43,  0, 0, 0
L -594, 99, 43,  -591, 71, 43,  0, 0, 0
L -591, 71, 43,  -546, 66, 49,  0, 0, 0
L -546, 66, 49,  -532, 90, 54,  0, 0, 0
L -532, 90, 54,  -519, 94, 54,  0, 0, 0
L -519, 94, 54,  -490, 66, 49,  0, 0, 0
L -490, 66, 49,  -475, 80, 51,  0, 0, 0
L -475, 80, 51,  -450, 80, 51,  0, 0, 0
L -450, 80, 51,  -436, 53, 47,  0, 0, 0
L -436, 53, 47,  -423, 61, 53,  0, 0, 0
L -423, 61, 53,  -394, 52, 52,  0, 0, 0
L -394, 52, 52,  -379, 24, 47,  0, 0, 0
L -379, 24, 47,  -363, 37, 49,  0, 0, 0
L -363, 37, 49,  -340, 26, 47,  0, 0, 0
L -340, 26, 47,  -351, 3, 44,  0, 0, 0
L -351, 3, 44,  -356, 2, 44,  0, 0, 0
L -356, 2, 44,  -374, 13, 45,  0, 0, 0
L -374, 13, 45,  -405, -9, 43,  0, 0, 0
L -405, -9, 43,  -410, -11, 43,  0, 0, 0
L -410, -11, 43,  -418, 1, 44,  0, 0, 0
L -418, 1, 44,  -427, 2, 44,  0, 0, 0
L -427, 2, 44,  -445, 29, 48,  0, 0, 0
L -445, 29, 48,  -461, 31, 99,  0, 0, 0
L -461, 31, 99,  -488, 57, 48,  0, 0, 0
L -488, 57, 48,  -506, 30, 44,  0, 0, 0
L -506, 30, 44,  -479, 10, 105,  0, 0, 0
L -479, 10, 105,  -479, -28, 45,  0, 0, 0
L -479, -28, 45,  -461, -6, 49,  0, 0, 0
L -461, -6, 49,  -450, -3, 74,  0, 0, 0
L -450, -3, 74,  -438, -13, 48,  0, 0, 0
L -438, -13, 48,  -437, -28, 49,  0, 0, 0
L -437, -28, 49,  -420, -32, 54,  0, 0, 0
L -420, -32, 54,  -408, -44, 47,  0, 0, 0
L -408, -44, 47,  -392, -22, 53,  0, 0, 0
L -392, -22, 53,  -362, -30, 52,  0, 0, 0
L -362, -30, 52,  -335, -17, 42,  0, 0, 0
L -129, -305, -236,  -129, -305, -236,  0, 0, 0
L -129, -305, -236,  -153, -305, -236,  0, 0, 0
L -153, -305, -236,  -168, -317, -236,  0, 0, 0
L -168, -317, -236,  -171, -361, -166,  0, 0, 0
L -171, -361, -166,  -221, -361, -96,  0, 0, 0
L -221, -361, -96,  -221, -285, 43,  0, 0, 0
L -221, -285, 43,  -221, -285, 43,  0, 0, 0
L -213, -285, 43,  -213, -285, 43,  0, 0, 0
L -213, -285, 43,  -212, -351, -88,  0, 0, 0
L -212, -351, -88,  -179, -350, -166,  0, 0, 0
L -179, -350, -166,  -181, -319, -236,  0, 0, 0
L -181, -319, -236,  -193, -306, -236,  0, 0, 0
L -193, -306, -236,  -193, -297, -236,  0, 0, 0
L -193, -297, -236,  -138, -297, -236,  0, 0, 0
L -138, -297, -236,  -137, -277, -236,  0, 0, 0
L -137, -277, -236,  -137, -208, -236,  0, 0, 0
L -137, -208, -236,  -151, -207, -236,  0, 0, 0
L -151, -207, -236,  -151, -194, -236,  0, 0, 0
L -151, -194, -236,  -187, -192, -236,  0, 0, 0
L -187, -192, -236,  -198, -194, -236,  0, 0, 0
L -198, -194, -236,  -199, -211, -236,  0, 0, 0
L -199, -211, -236,  -195, -213, -236,  0, 0, 0
L -195, -213, -236,  -171, -213, -236,  0, 0, 0
L -171, -213, -236,  -171, -238, -236,  0, 0, 0
L -171, -238, -236,  -157, -241, -211,  0, 0, 0
L -157, -241, -211,  -157, -277, -236,  0, 0, 0
L -157, -277, -236,  -193, -277, -234,  0, 0, 0
L -193, -277, -234,  -193, -241, -213,  0, 0, 0
L -193, -241, -213,  -180, -240, -236,  0, 0, 0
L -180, -240, -236,  -179, -223, -236,  0, 0, 0
L -179, -223, -236,  -187, -221, -236,  0, 0, 0
L -187, -221, -236,  -207, -221, -232,  0, 0, 0
L -207, -221, -232,  -207, -209, -236,  0, 0, 0
L -207, -209, -236,  -241, -210, -96,  0, 0, 0
L -241, -210, -96,  -240, -254, -96,  0, 0, 0
L -240, -254, -96,  -226, -255, -96,  0, 0, 0
L -226, -263, -96,  -226, -263, -96,  0, 0, 0
L -226, -263, -96,  -277, -263, -96,  0, 0, 0
L -277, -263, -96,  -277, -181, 43,  0, 0, 0
L -277, -181, 43,  -322, -179, 43,  0, 0, 0
L -322, -179, 43,  -325, -193, 43,  0, 0, 0
L -325, -193, 43,  -337, -193, 43,  0, 0, 0
L -337, -193, 43,  -339, -239, 43,  0, 0, 0
L -347, -239, 43,  -347, -239, 43,  0, 0, 0
L -347, -239, 43,  -347, -195, 43,  0, 0, 0
L -347, -195, 43,  -361, -193, 43,  0, 0, 0
L -361, -193, 43,  -361, -155, 43,  0, 0, 0
L -361, -155, 43,  -361, -115, 43,  0, 0, 0
L -325, -115, 43,  -325, -115, 43,  0, 0, 0
L -325, -115, 43,  -325, -146, 43,  0, 0, 0
L -325, -146, 43,  -325, -168, 43,  0, 0, 0
L -325, -168, 43,  -269, -171, 43,  0, 0, 0
L -269, -171, 43,  -269, -251, -94,  0, 0, 0
L -269, -251, -94,  -250, -254, -96,  0, 0, 0
L -250, -254, -96,  -249, -199, -96,  0, 0, 0
L -249, -199, -96,  -208, -199, -236,  0, 0, 0
L -208, -199, -236,  -207, -181, -236,  0, 0, 0
L -199, -181, -236,  -199, -181, -236,  0, 0, 0
L -199, -181, -236,  -199, -183, -236,  0, 0, 0
L -199, -183, -236,  -195, -185, -236,  0, 0, 0
L -195, -185, -236,  -151, -183, -236,  0, 0, 0
L -129, -199, -236,  -129, -199, -236,  0, 0, 0
L -129, -199, -236,  -129, -269, -236,  0, 0, 0
L -129, -269, -236,  -129, -305, -236,  0, 0, 0
L -221, -285, 43,  -221, -285, 43,  0, 0, 0
L -221, -285, 43,  -221, -267, 43,  0, 0, 0
L -213, -285, 43,  -213, -285, 43,  0, 0, 0
L -213, -285, 43,  -213, -269, 43,  0, 0, 0
L -151, -183, -233,  -151, -183, -233,  0, 0, 0
L -151, -183, -233,  -151, -125, -236,  0, 0, 0
L -151, -125, -236,  -165, -123, -236,  0, 0, 0
L -165, -123, -236,  -165, -111, -236,  0, 0, 0
L -165, -111, -236,  -211, -109, -236,  0, 0, 0
L -211, -109, -236,  -213, -123, -236,  0, 0, 0
L -213, -123, -236,  -268, -123, -236,  0, 0, 0
L -268, -123, -236,  -267, -143, -236,  0, 0, 0
L -267, -143, -236,  -194, -142, -236,  0, 0, 0
L -194, -142, -236,  -193, -129, -236,  0, 0, 0
L -193, -129, -236,  -185, -129, -236,  0, 0, 0
L -185, -129, -236,  -185, -141, -236,  0, 0, 0
L -185, -141, -236,  -180, -143, -236,  0, 0, 0
L -180, -143, -236,  -180, -151, -234,  0, 0, 0
L -180, -151, -234,  -185, -154, -236,  0, 0, 0
L -185, -154, -236,  -185, -165, -236,  0, 0, 0
L -185, -165, -236,  -198, -166, -236,  0, 0, 0
L -198, -166, -236,  -199, -173, -236,  0, 0, 0
L -199, -173, -236,  -199, -181, -236,  0, 0, 0
L -207, -181, -236,  -207, -181, -236,  0, 0, 0
L -207, -181, -236,  -208, -166, -236,  0, 0, 0
L -208, -166, -236,  -251, -165, -236,  0, 0, 0
L -251, -165, -236,  -264, -152, -236,  0, 0, 0
L -264, -152, -236,  -277, -151, -236,  0, 0, 0
L -277, -151, -236,  -277, -113, -236,  0, 0, 0
L -277, -113, -236,  -251, -88, -236,  0, 0, 0
L -251, -88, -236,  -213, -87, -236,  0, 0, 0
L -213, -87, -236,  -213, -99, -236,  0, 0, 0
L -213, -99, -236,  -194, -101, -236,  0, 0, 0
L -194, -101, -236,  -193, -69, -236,  0, 0, 0
L -193, -69, -236,  -207, -67, -236,  0, 0, 0
L -207, -67, -236,  -207, -45, -236,  0, 0, 0
L -207, -45, -236,  -171, -45, -231,  0, 0, 0
L -171, -45, -231,  -171, -67, -231,  0, 0, 0
L -171, -67, -231,  -183, -67, -236,  0, 0, 0
L -183, -67, -236,  -185, -99, -236,  0, 0, 0
L -185, -99, -236,  -159, -101, -236,  0, 0, 0
L -159, -101, -236,  -157, -112, -236,  0, 0, 0
L -157, -112, -236,  -143, -115, -236,  0, 0, 0
L -143, -115, -236,  -143, -195, -236,  0, 0, 0
L -143, -195, -236,  -129, -199, -236,  0, 0, 0
L -226, -255, -96,  -226, -255, -96,  0, 0, 0
L -226, -255, -96,  -213, -255, -90,  0, 0, 0
L -213, -255, -90,  -213, -263, -96,  0, 0, 0
L -213, -263, -96,  -213, -270, 43,  0, 0, 0
L -221, -268, 43,  -221, -268, 43,  0, 0, 0
L -221, -268, 43,  -222, -263, -96,  0, 0, 0
L -222, -263, -96,  -228, -263, -96,  0, 0, 0
L -339, -239, 43,  -339, -239, 43,  0, 0, 0
L -339, -239, 43,  -339, -253, 43,  0, 0, 0
L -339, -253, 43,  -321, -255, 43,  0, 0, 0
L -321, -255, 43,  -319, -243, 43,  0, 0, 0
L -319, -243, 43,  -319, -232, 43,  0, 0, 0
L -319, -232, 43,  -319, -213, 43,  0, 0, 0
L -319, -213, 43,  -297, -213, 43,  0, 0, 0
L -297, -213, 43,  -297, -235, 66,  0, 0, 0
L -297, -235, 66,  -309, -235, 53,  0, 0, 0
L -309, -235, 53,  -311, -247, 43,  0, 0, 0
L -311, -247, 43,  -311, -289, 43,  0, 0, 0
L -311, -289, 43,  -319, -289, 43,  0, 0, 0
L -319, -289, 43,  -320, -263, 43,  0, 0, 0
L -320, -263, 43,  -347, -263, 43,  0, 0, 0
L -347, -263, 43,  -347, -247, 43,  0, 0, 0
L -347, -247, 43,  -347, -239, 43,  0, 0, 0
L -361, -115, 43,  -361, -115, 43,  0, 0, 0
L -361, -115, 43,  -347, -113, 43,  0, 0, 0
L -347, -113, 43,  -347, -75, 43,  0, 0, 0
L -347, -75, 43,  -348, -65, 34,  0, 0, 0
L -348, -65, 34,  -360, -72, 45,  0, 0, 0
L -360, -72, 45,  -378, -81, 44,  0, 0, 0
L -378, -81, 44,  -390, -81, 44,  0, 0, 0
L -390, -81, 44,  -404, -53, 48,  0, 0, 0
L -404, -53, 48,  -421, -67, 44,  0, 0, 0
L -421, -67, 44,  -432, -67, 44,  0, 0, 0
L -432, -67, 44,  -446, -39, 45,  0, 0, 0
L -446, -39, 45,  -462, -39, 44,  0, 0, 0
L -462, -39, 44,  -465, -69, 46,  0, 0, 0
L -465, -69, 46,  -477, -81, 44,  0, 0, 0
L -477, -81, 44,  -488, -80, 44,  0, 0, 0
L -488, -80, 44,  -495, -67, 46,  0, 0, 0
L -495, -67, 46,  -495, -67, 46,  0, 0, 0
L -495, -67, 46,  -500, -56, 48,  0, 0, 0
L -500, -56, 48,  -502, -39, 47,  0, 0, 0
L -502, -39, 47,  -515, -39, 44,  0, 0, 0
L -515, -39, 44,  -528, -15, 48,  0, 0, 0
L -528, -15, 48,  -515, 29, 44,  0, 0, 0
L -515, 29, 44,  -546, 16, 44,  0, 0, 0
L -546, 16, 44,  -556, 16, 44,  0, 0, 0
L -556, 16, 44,  -543, 55, 48,  0, 0, 0
L -543, 55, 48,  -595, 58, 43,  0, 0, 0
L -595, 58, 43,  -601, 61, 46,  0, 0, 0
L -601, 61, 46,  -613, 99, 43,  0, 0, 0
L -613, 99, 43,  -631, 100, 43,  0, 0, 0
L -631, 100, 43,  -646, 58, 43,  0, 0, 0
L -646, 58, 43,  -702, 57, 43,  0, 0, 0
L -702, 57, 43,  -721, 32, 92,  0, 0, 0
L -721, 32, 92,  -748, 32, 72,  0, 0, 0
L -748, 32, 72,  -777, 61, 63,  0, 0, 0
L -777, 61, 63,  -841, 62, 43,  0, 0, 0
L -841, 62, 43,  -843, 2, 43,  0, 0, 0
L -843, 2, 43,  -863, 2, 43,  0, 0, 0
L -336, -18, 41,  -336, -18, 41,  0, 0, 0
L -336, -18, 41,  -319, 53, 43,  0, 0, 0
L -319, 53, 43,  -281, 79, 43,  0, 0, 0
L -281, 79, 43,  -240, 53, 41,  0, 0, 0
L -240, 53, 41,  -208, 80, 43,  0, 0, 0
L -208, 80, 43,  -196, 80, 45,  0, 0, 0
L -196, 80, 45,  -183, 55, 54,  0, 0, 0
L -183, 55, 54,  -157, 51, 63,  0, 0, 0
L -157, 51, 63,  -152, 37, 43,  0, 0, 0
L -152, 37, 43,  -145, 36, 40,  0, 0, 0
L -145, 36, 40,  -139, 34, 38,  0, 0, 0
L -139, 34, 38,  -133, 38, 40,  0, 0, 0
L -133, 38, 40,  -129, 38, 38,  0, 0, 0
L -129, 38, 38,  -129, 27, 34,  0, 0, 0
L -129, 27, 34,  -123, 24, 43,  0, 0, 0
L -123, 24, 43,  -119, 20, 43,  0, 0, 0
L -119, 20, 43,  -112, 24, 43,  0, 0, 0
L -112, 24, 43,  -109, 38, 43,  0, 0, 0
L -109, 38, 43,  -73, 38, 43,  0, 0, 0
L -73, 38, 43,  -72, -2, 43,  0, 0, 0
L -72, -2, 43,  -26, -2, 43,  0, 0, 0
L -26, -2, 43,  -25, 24, 88,  0, 0, 0
L -25, 24, 88,  24, 24, 43,  0, 0, 0
L 24, 24, 43,  24, 12, 43,  0, 0, 0
L 24, 12, 43,  100, 13, 43,  0, 0, 0
L 100, 13, 43,  99, 29, 43,  0, 0, 0
L 100, -39, 43,  100, -39, 43,  0, 0, 0
L 100, -39, 43,  100, -23, 43,  0, 0, 0
L 100, -23, 43,  95, -11, 43,  0, 0, 0
L 95, -11, 43,  81, -12, 43,  0, 0, 0
L 81, -12, 43,  80, -37, 43,  0, 0, 0
L 58, -37, 51,  58, -37, 51,  0, 0, 0
L 58, -37, 51,  56, -11, 43,  0, 0, 0
L 56, -11, 43,  25, -11, 43,  0, 0, 0
L 25, -11, 43,  24, -25, 43,  0, 0, 0
L 24, -25, 43,  -25, -25, 43,  0, 0, 0
L -25, -25, 43,  -25, -13, 43,  0, 0, 0
L -25, -13, 43,  -81, -11, 43,  0, 0, 0
L -325, -115, 43,  -325, -115, 43,  0, 0, 0
L -325, -115, 43,  -339, -113, 43,  0, 0, 0
L -339, -113, 43,  -339, -75, 43,  0, 0, 0
L -339, -75, 43,  -341, -68, 34,  0, 0, 0
L -341, -68, 34,  -332, -65, 34,  0, 0, 0
L -332, -65, 34,  -313, -55, 36,  0, 0, 0
L -313, -55, 36,  -305, -51, 43,  0, 0, 0
L -305, -51, 43,  -293, -53, 43,  0, 0, 0
L -293, -53, 43,  -291, -98, 43,  0, 0, 0
L -291, -98, 43,  -305, -101, 43,  0, 0, 0
L -305, -101, 43,  -305, -137, 43,  0, 0, 0
L -305, -137, 43,  -305, -137, 43,  0, 0, 0
L -305, -137, 43,  -271, -137, 43,  0, 0, 0
L -271, -137, 43,  -269, -101, 43,  0, 0, 0
L -269, -101, 43,  -281, -101, 43,  0, 0, 0
L -281, -101, 43,  -283, -45, 46,  0, 0, 0
L -283, -45, 46,  -303, -45, 43,  0, 0, 0
L -303, -45, 43,  -303, -45, 43,  0, 0, 0
L -303, -45, 43,  -313, -40, 38,  0, 0, 0
L -313, -40, 38,  -325, -14, 43,  0, 0, 0
L -325, -14, 43,  -307, 16, 43,  0, 0, 0
L -307, 16, 43,  -294, 16, 43,  0, 0, 0
L -294, 16, 43,  -291, -13, 33,  0, 0, 0
L -291, -13, 33,  -268, -35, 33,  0, 0, 0
L -268, -35, 33,  -262, -38, 33,  0, 0, 0
L -262, -38, 33,  -263, -49, 43,  0, 0, 0
L -263, -49, 43,  -263, -81, 43,  0, 0, 0
L -263, -81, 43,  -263, -81, 43,  0, 0, 0
L -263, -81, 43,  -222, -82, 43,  0, 0, 0
L -222, -82, 43,  -221, -128, 43,  0, 0, 0
L -221, -128, 43,  -235, -129, 43,  0, 0, 0
L -235, -129, 43,  -235, -179, 61,  0, 0, 0
L -235, -179, 61,  -199, -179, 68,  0, 0, 0
L -199, -179, 68,  -198, -166, 44,  0, 0, 0
L -198, -166, 44,  -171, -165, 43,  0, 0, 0
L -171, -165, 43,  -171, -143, 43,  0, 0, 0
L -171, -143, 43,  -196, -143, 43,  0, 0, 0
L -196, -143, 43,  -199, -129, 43,  0, 0, 0
L -199, -129, 43,  -212, -129, 46,  0, 0, 0
L -212, -129, 46,  -213, -76, 43,  0, 0, 0
L -213, -76, 43,  -254, -73, 43,  0, 0, 0
L -253, -73, 43,  -253, -73, 43,  0, 0, 0
L -253, -73, 43,  -255, -48, 43,  0, 0, 0
L -255, -48, 43,  -255, -37, 33,  0, 0, 0
L -255, -37, 33,  -242, -28, 33,  0, 0, 0
L -242, -28, 33,  -231, -35, 43,  0, 0, 0
L -231, -35, 43,  -231, -35, 43,  0, 0, 0
L -231, -35, 43,  -223, -52, 43,  0, 0, 0
L -223, -52, 43,  -198, -53, 43,  0, 0, 0
L -198, -53, 43,  -188, -52, 138,  0, 0, 0
L -188, -52, 138,  -164, -43, 230,  0, 0, 0
L -164, -43, 230,  -157, -24, 88,  0, 0, 0
L -157, -24, 88,  -156, -12, 46,  0, 0, 0
L -156, -12, 46,  -156, -12, 46,  0, 0, 0
L -156, -12, 46,  -146, -5, 55,  0, 0, 0
L -146, -5, 55,  -129, -11, 34,  0, 0, 0
L -129, -11, 34,  -129, 0, 34,  0, 0, 0
L -129, 0, 34,  -123, 2, 43,  0, 0, 0
L -123, 2, 43,  -119, 15, 43,  0, 0, 0
L -119, 15, 43,  -115, 2, 43,  0, 0, 0
L -115, 2, 43,  -101, 2, 43,  0, 0, 0
L -101, 2, 43,  -96, 9, 63,  0, 0, 0
L -96, 9, 63,  -91, 10, 83,  0, 0, 0
L -91, 10, 83,  -91, 14, 91,  0, 0, 0
L -91, 14, 91,  -100, 21, 43,  0, 0, 0
L -100, 21, 43,  -101, 26, 43,  0, 0, 0
L -101, 26, 43,  -101, 28, 43,  0, 0, 0
L -101, 28, 43,  -83, 30, 43,  0, 0, 0
L -83, 30, 43,  -81, -11, 43,  0, 0, 0
L 58, 2, -236,  58, 2, -236,  0, 0, 0
L 58, 2, -236,  58, 84, -226,  0, 0, 0
L 58, 84, -226,  40, 86, -226,  0, 0, 0
L 40, 86, -226,  29, 86, -226,  0, 0, 0
L 29, 86, -226,  24, 74, -226,  0, 0, 0
L 24, 74, -226,  -11, 72, -202,  0, 0, 0
L -11, 72, -202,  -11, 108, -197,  0, 0, 0
L -11, 108, -197,  24, 108, -188,  0, 0, 0
L 24, 108, -188,  24, 97, -226,  0, 0, 0
L 24, 97, -226,  33, 93, -226,  0, 0, 0
L 33, 93, -226,  44, 108, -226,  0, 0, 0
L 44, 108, -226,  57, 109, -226,  0, 0, 0
L 57, 109, -226,  58, 112, -226,  0, 0, 0
L 66, 112, -226,  66, 112, -226,  0, 0, 0
L 66, 112, -226,  66, 96, -226,  0, 0, 0
L 66, 96, -226,  169, 94, -236,  0, 0, 0
L 169, 94, -236,  170, 136, -236,  0, 0, 0
L 170, 136, -236,  182, 136, -236,  0, 0, 0
L 182, 136, -236,  191, 136, -236,  0, 0, 0
L 191, 136, -236,  206, 136, -236,  0, 0, 0
L 206, 136, -236,  208, 108, -236,  0, 0, 0
L 208, 108, -236,  253, 109, -236,  0, 0, 0
L 253, 109, -236,  254, 124, -236,  0, 0, 0
L 254, 124, -236,  267, 136, -236,  0, 0, 0
L 267, 136, -236,  277, 136, -236,  0, 0, 0
L 277, 136, -236,  290, 124, -236,  0, 0, 0
L 290, 124, -236,  290, 86, -236,  0, 0, 0
L 290, 86, -236,  276, 84, -236,  0, 0, 0
L 276, 84, -236,  276, 2, -96,  0, 0, 0
L 276, 2, -96,  248, 0, -96,  0, 0, 0
L 249, 1, -96,  249, 1, -96,  0, 0, 0
L 249, 1, -96,  248, -58, -96,  0, 0, 0
L 248, -58, -96,  265, -59, -96,  0, 0, 0
L 265, -59, -96,  268, -31, -96,  0, 0, 0
L 268, -31, -96,  283, -31, -96,  0, 0, 0
L 283, -31, -96,  294, -31, -96,  0, 0, 0
L 294, -31, -96,  298, -18, -83,  0, 0, 0
L 298, -18, -83,  332, -17, -74,  0, 0, 0
L 332, -17, -74,  332, -49, -96,  0, 0, 0
L 332, -49, -96,  296, -53, -96,  0, 0, 0
L 296, -53, -96,  296, -41, -96,  0, 0, 0
L 296, -41, -96,  292, -37, -96,  0, 0, 0
L 292, -37, -96,  278, -39, -96,  0, 0, 0
L 278, -39, -96,  276, -67, -96,  0, 0, 0
L 276, -67, -96,  220, -68, -96,  0, 0, 0
L 220, -68, -96,  220, -115, -96,  0, 0, 0
L 220, -115, -96,  219, -124, -96,  0, 0, 0
L 219, -124, -96,  221, -143, -106,  0, 0, 0
L 221, -143, -106,  236, -143, -106,  0, 0, 0
L 236, -143, -106,  248, -156, -106,  0, 0, 0
L 248, -156, -106,  247, -181, -106,  0, 0, 0
L 247, -181, -106,  236, -193, -106,  0, 0, 0
L 236, -193, -106,  196, -193, -106,  0, 0, 0
L 196, -193, -106,  186, -183, -106,  0, 0, 0
L 186, -183, -106,  184, -155, -81,  0, 0, 0
L 184, -155, -81,  196, -143, -106,  0, 0, 0
L 196, -143, -106,  210, -143, -106,  0, 0, 0
L 210, -143, -106,  212, -123, -96,  0, 0, 0
L 212, -123, -96,  213, -113, -96,  0, 0, 0
L 213, -113, -96,  212, -84, -96,  0, 0, 0
L 212, -84, -96,  206, -81, -96,  0, 0, 0
L 206, -81, -96,  170, -81, -96,  0, 0, 0
L 170, -81, -96,  170, -52, -96,  0, 0, 0
L 170, -52, -96,  170, -41, -96,  0, 0, 0
L 170, -41, -96,  169, -25, -96,  0, 0, 0
L 169, -25, -96,  142, -25, -36,  0, 0, 0
L 142, -25, -36,  142, 0, 43,  0, 0, 0
L 142, 0, 43,  141, 29, 43,  0, 0, 0
L 141, 29, 43,  109, 29, 43,  0, 0, 0
L 109, 29, 43,  108, 22, 43,  0, 0, 0
L 108, 22, 43,  108, 11, 43,  0, 0, 0
L 108, 11, 43,  108, -15, 43,  0, 0, 0
L 108, -15, 43,  108, -25, 43,  0, 0, 0
L 108, -25, 43,  108, -30, 43,  0, 0, 0
L 108, -30, 43,  122, -31, 43,  0, 0, 0
L 122, -31, 43,  123, -44, 43,  0, 0, 0
L 123, -44, 43,  150, -45, 43,  0, 0, 0
L 150, -45, 43,  150, -83, 43,  0, 0, 0
L 150, -83, 43,  150, -99, 13,  0, 0, 0
L 150, -99, 13,  164, -101, 45,  0, 0, 0
L 164, -101, 45,  164, -137, 45,  0, 0, 0
L 164, -137, 45,  128, -137, 45,  0, 0, 0
L 128, -137, 45,  128, -101, 45,  0, 0, 0
L 128, -101, 45,  140, -101, 13,  0, 0, 0
L 140, -101, 13,  142, -55, 43,  0, 0, 0
L 142, -55, 43,  118, -53, 43,  0, 0, 0
L 118, -53, 43,  113, -40, 43,  0, 0, 0
L 113, -40, 43,  100, -39, 43,  0, 0, 0
L 58, 2, -236,  58, 2, -236,  0, 0, 0
L 58, 2, -236,  122, 2, -236,  0, 0, 0
L 122, 2, -236,  122, 14, -236,  0, 0, 0
L 122, 14, -236,  178, 16, -230,  0, 0, 0
L 178, 16, -230,  178, 125, -236,  0, 0, 0
L 178, 125, -236,  180, 128, -236,  0, 0, 0
L 180, 128, -236,  198, 122, -236,  0, 0, 0
L 198, 122, -236,  198, 58, -223,  0, 0, 0
L 198, 58, -223,  226, 58, -186,  0, 0, 0
L 226, 58, -186,  228, 66, -170,  0, 0, 0
L 228, 66, -170,  207, 66, -236,  0, 0, 0
L 207, 66, -236,  206, 97, -236,  0, 0, 0
L 206, 97, -236,  250, 100, -236,  0, 0, 0
L 250, 100, -236,  254, 86, -236,  0, 0, 0
L 254, 86, -236,  266, 86, -236,  0, 0, 0
L 266, 86, -236,  268, 12, -96,  0, 0, 0
L 268, 12, -96,  240, 10, -96,  0, 0, 0
L 240, 10, -96,  240, 10, -96,  0, 0, 0
L 240, 10, -96,  240, -15, -96,  0, 0, 0
L 240, -15, -96,  204, -17, -96,  0, 0, 0
L 204, -17, -96,  196, -17, -96,  0, 0, 0
L 196, -17, -96,  180, -17, -96,  0, 0, 0
L 180, -17, -96,  178, -1, -96,  0, 0, 0
L 136, 140, -226,  136, 140, -226,  0, 0, 0
L 136, 140, -226,  126, 130, -226,  0, 0, 0
L 126, 130, -226,  112, 128, -226,  0, 0, 0
L 112, 128, -226,  100, 141, -226,  0, 0, 0
L 100, 141, -226,  94, 142, -226,  0, 0, 0
L 94, 150, -226,  94, 150, -226,  0, 0, 0
L 94, 150, -226,  101, 152, -226,  0, 0, 0
L 101, 152, -226,  113, 164, -226,  0, 0, 0
L 113, 164, -226,  124, 164, -226,  0, 0, 0
L 124, 164, -226,  136, 152, -226,  0, 0, 0
L 136, 152, -226,  136, 140, -226,  0, 0, 0
L 86, 142, -226,  86, 142, -226,  0, 0, 0
L 86, 142, -226,  79, 139, -226,  0, 0, 0
L 79, 139, -226,  80, 128, -226,  0, 0, 0
L 80, 128, -226,  69, 128, -226,  0, 0, 0
L 69, 128, -226,  66, 120, -226,  0, 0, 0
L 58, 120, -226,  58, 120, -226,  0, 0, 0
L 58, 120, -226,  58, 125, -226,  0, 0, 0
L 58, 125, -226,  47, 128, -226,  0, 0, 0
L 47, 128, -226,  44, 164, -226,  0, 0, 0
L 44, 164, -226,  80, 164, -226,  0, 0, 0
L 80, 164, -226,  80, 156, -226,  0, 0, 0
L 80, 156, -226,  86, 150, -226,  0, 0, 0
L 168, 70, -236,  168, 70, -236,  0, 0, 0
L 168, 70, -236,  169, 27, -236,  0, 0, 0
L 169, 27, -236,  124, 26, -236,  0, 0, 0
L 124, 26, -236,  123, 70, -236,  0, 0, 0
L 123, 70, -236,  138, 72, -236,  0, 0, 0
L 150, 72, -236,  150, 72, -236,  0, 0, 0
L 150, 72, -236,  168, 70, -236,  0, 0, 0
L 97, 58, -236,  97, 58, -236,  0, 0, 0
L 97, 58, -236,  112, 56, -236,  0, 0, 0
L 112, 56, -236,  112, 12, -236,  0, 0, 0
L 112, 12, -236,  68, 12, -236,  0, 0, 0
L 68, 12, -236,  68, 56, -236,  0, 0, 0
L 68, 56, -236,  84, 58, -236,  0, 0, 0
L 99, 30, 43,  99, 30, 43,  0, 0, 0
L 99, 30, 43,  58, 30, 43,  0, 0, 0
L 58, 30, 43,  58, 52, 43,  0, 0, 0
L 58, 52, 43,  66, 52, 43,  0, 0, 0
L 66, 52, 43,  66, 39, 43,  0, 0, 0
L 66, 39, 43,  78, 38, 43,  0, 0, 0
L 78, 38, 43,  111, 38, 43,  0, 0, 0
L 111, 38, 43,  141, 39, 43,  0, 0, 0
L 204, -25, -96,  204, -25, -96,  0, 0, 0
L 204, -25, -96,  238, -25, -96,  0, 0, 0
L 238, -25, -96,  240, -56, -96,  0, 0, 0
L 240, -56, -96,  212, -59, -96,  0, 0, 0
L 212, -59, -96,  211, -72, -96,  0, 0, 0
L 211, -72, -96,  208, -73, -96,  0, 0, 0
L 208, -73, -96,  180, -73, -96,  0, 0, 0
L 180, -73, -96,  178, -51, -96,  0, 0, 0
L 178, -51, -96,  178, -43, -96,  0, 0, 0
L 178, -43, -96,  179, -26, -96,  0, 0, 0
L 179, -26, -96,  196, -25, -96,  0, 0, 0
L 196, -25, -96,  204, -25, -96,  0, 0, 0
L 178, 0, -96,  178, 0, -96,  0, 0, 0
L 170, 0, -96,  170, 0, -96,  0, 0, 0
L 170, 0, -96,  170, -15, -96,  0, 0, 0
L 170, -15, -96,  153, -17, -36,  0, 0, 0
L 153, -17, -36,  150, 0, 43,  0, 0, 0
L 150, 0, 43,  150, 34, 43,  0, 0, 0
L 80, -37, 43,  80, -37, 43,  0, 0, 0
L 80, -37, 43,  87, -53, 94,  0, 0, 0
L 87, -53, 94,  107, -70, 13,  0, 0, 0
L 107, -70, 13,  108, -96, -16,  0, 0, 0
L 108, -96, -16,  80, -124, -56,  0, 0, 0
L 80, -124, -56,  56, -131, 1,  0, 0, 0
L 56, -131, 1,  37, -149, -97,  0, 0, 0
L 37, -149, -97,  24, -180, -106,  0, 0, 0
L 24, -180, -106,  38, -211, -96,  0, 0, 0
L 38, -211, -96,  38, -237, -96,  0, 0, 0
L 38, -237, -96,  44, -241, -96,  0, 0, 0
L 44, -241, -96,  74, -256, -65,  0, 0, 0
L 74, -256, -65,  80, -268, -96,  0, 0, 0
L 80, -268, -96,  100, -254, -96,  0, 0, 0
L 100, -254, -96,  100, -224, -96,  0, 0, 0
L 100, -224, -96,  85, -208, -96,  0, 0, 0
L 85, -208, -96,  76, -205, -96,  0, 0, 0
L 76, -205, -96,  61, -187, -96,  0, 0, 0
L 61, -187, -96,  82, -172, -89,  0, 0, 0
L 82, -172, -89,  87, -169, -89,  0, 0, 0
L 87, -169, -89,  121, -157, -96,  0, 0, 0
L 121, -157, -96,  131, -173, -96,  0, 0, 0
L 131, -173, -96,  136, -208, -96,  0, 0, 0
L 136, -208, -96,  123, -222, -96,  0, 0, 0
L 123, -222, -96,  122, -235, -96,  0, 0, 0
L 122, -235, -96,  110, -248, -96,  0, 0, 0
L 110, -248, -96,  120, -265, -96,  0, 0, 0
L 120, -265, -96,  108, -295, -102,  0, 0, 0
L 108, -295, -102,  121, -309, -85,  0, 0, 0
L 121, -309, -85,  108, -376, 39,  0, 0, 0
L 108, -376, 39,  119, -400, 43,  0, 0, 0
L 119, -400, 43,  109, -431, 43,  0, 0, 0
L 109, -431, 43,  105, -431, 43,  0, 0, 0
L 105, -431, 43,  74, -419, 43,  0, 0, 0
L 74, -419, 43,  26, -431, 43,  0, 0, 0
L 26, -431, 43,  12, -431, 43,  0, 0, 0
L 12, -431, 43,  -16, -460, 43,  0, 0, 0
L -16, -460, 43,  -17, -502, 43,  0, 0, 0
L -17, -502, 43,  -42, -514, 43,  0, 0, 0
L -42, -514, 43,  -57, -515, 43,  0, 0, 0
L -57, -515, 43,  -65, -522, 43,  0, 0, 0
L -65, -522, 43,  -89, -519, 45,  0, 0, 0
L -89, -519, 45,  -96, -515, 43,  0, 0, 0
L -96, -515, 43,  -127, -542, 43,  0, 0, 0
L -127, -542, 43,  -153, -543, 43,  0, 0, 0
L -153, -543, 43,  -180, -515, 43,  0, 0, 0
L -180, -515, 43,  -197, -529, 43,  0, 0, 0
L -197, -529, 43,  -219, -529, 43,  0, 0, 0
L -219, -529, 43,  -235, -489, 46,  0, 0, 0
L -235, -489, 46,  -235, -450, 43,  0, 0, 0
L -235, -450, 43,  -222, -437, 43,  0, 0, 0
L -222, -437, 43,  -168, -437, 43,  0, 0, 0
L -168, -437, 43,  -158, -414, 43,  0, 0, 0
L -158, -414, 43,  -129, -405, 43,  0, 0, 0
L -129, -405, 43,  -116, -407, 43,  0, 0, 0
L -116, -407, 43,  -116, -408, 43,  0, 0, 0
L -116, -408, 43,  -128, -450, 43,  0, 0, 0
L -128, -450, 43,  -116, -462, 43,  0, 0, 0
L -116, -462, 43,  -129, -476, 43,  0, 0, 0
L -129, -476, 43,  -98, -479, 43,  0, 0, 0
L -98, -479, 43,  -95, -421, 43,  0, 0, 0
L -95, -421, 43,  -53, -379, 43,  0, 0, 0
L -53, -379, 43,  -66, -364, 43,  0, 0, 0
L -66, -364, 43,  -53, -348, 43,  0, 0, 0
L -53, -348, 43,  -65, -328, 43,  0, 0, 0
L -65, -328, 43,  -67, -316, 43,  0, 0, 0
L -67, -316, 43,  -44, -298, 43,  0, 0, 0
L -44, -298, 43,  -40, -349, 40,  0, 0, 0
L -40, -349, 40,  -39, -292, -106,  0, 0, 0
L -39, -292, -106,  -52, -266, -106,  0, 0, 0
L -52, -266, -106,  -52, -253, -106,  0, 0, 0
L -52, -253, -106,  -29, -242, -106,  0, 0, 0
L -15, -339, 43,  -15, -339, 43,  0, 0, 0
L -15, -339, 43,  -31, -293, -106,  0, 0, 0
L -31, -293, -106,  -17, -278, -106,  0, 0, 0
L -17, -278, -106,  1, -305, -96,  0, 0, 0
L 1, -305, -96,  23, -305, -96,  0, 0, 0
L 23, -305, -96,  83, -277, -96,  0, 0, 0
L 83, -277, -96,  99, -291, -96,  0, 0, 0
L 99, -291, -96,  86, -322, -61,  0, 0, 0
L 86, -322, -61,  100, -380, 43,  0, 0, 0
L 100, -380, 43,  56, -395, 43,  0, 0, 0
L 56, -395, 43,  33, -388, 43,  0, 0, 0
L 33, -388, 43,  2, -395, 44,  0, 0, 0
L 2, -395, 44,  -52, -421, 43,  0, 0, 0
L -52, -421, 43,  -40, -459, 43,  0, 0, 0
L -40, -459, 43,  -52, -489, 43,  0, 0, 0
L -52, -489, 43,  -86, -464, 43,  0, 0, 0
L -86, -464, 43,  -75, -447, 43,  0, 0, 0
L -75, -447, 43,  -73, -407, 43,  0, 0, 0
L -73, -407, 43,  -31, -362, 43,  0, 0, 0
L -31, -362, 43,  8, -361, 43,  0, 0, 0
L 8, -361, 43,  25, -347, 43,  0, 0, 0
L 25, -347, 43,  43, -361, 43,  0, 0, 0
L 43, -361, 43,  44, -375, 43,  0, 0, 0
L 44, -375, 43,  80, -375, 43,  0, 0, 0
L 80, -375, 43,  80, -367, 43,  0, 0, 0
L 80, -367, 43,  70, -367, 43,  0, 0, 0
L 70, -367, 43,  68, -367, 43,  0, 0, 0
L 68, -367, 43,  65, -346, 43,  0, 0, 0
L 65, -346, 43,  45, -325, 43,  0, 0, 0
L 45, -325, 43,  44, -337, 43,  0, 0, 0
L 44, -337, 43,  28, -339, 43,  0, 0, 0
L 28, -339, 43,  12, -326, 43,  0, 0, 0
L 12, -326, 43,  1, -325, 43,  0, 0, 0
L 1, -325, 43,  -16, -338, 43,  0, 0, 0
L 58, -37, 51,  58, -37, 51,  0, 0, 0
L 58, -37, 51,  54, -47, 59,  0, 0, 0
L 54, -47, 59,  44, -58, -71,  0, 0, 0
L 44, -58, -71,  37, -85, -20,  0, 0, 0
L 37, -85, -20,  40, -112, -96,  0, 0, 0
L 40, -112, -96,  24, -121, -96,  0, 0, 0
L 24, -121, -96,  28, -148, -96,  0, 0, 0
L 28, -148, -96,  -69, -171, -116,  0, 0, 0
L -69, -171, -116,  -87, -127, -126,  0, 0, 0
L -87, -127, -126,  -58, -109, -160,  0, 0, 0
L -58, -109, -160,  -40, -136, -196,  0, 0, 0
L -40, -136, -196,  -17, -124, -189,  0, 0, 0
L -17, -124, -189,  -2, -134, -206,  0, 0, 0
L -2, -134, -206,  7, -118, -206,  0, 0, 0
L 7, -118, -206,  -2, -104, -206,  0, 0, 0
L -2, -104, -206,  -10, -113, -206,  0, 0, 0
L -10, -113, -206,  -22, -104, -196,  0, 0, 0
L -22, -104, -196,  -30, -74, -196,  0, 0, 0
L -30, -74, -196,  -54, -86, -196,  0, 0, 0
L -54, -86, -196,  -84, -73, -236,  0, 0, 0
L -84, -73, -236,  -109, -86, -210,  0, 0, 0
L -109, -86, -210,  -109, -97, -187,  0, 0, 0
L -109, -97, -187,  -96, -124, -130,  0, 0, 0
L -96, -124, -130,  -111, -136, -126,  0, 0, 0
L -111, -136, -126,  -122, -142, -126,  0, 0, 0
L -122, -142, -126,  -110, -193, -126,  0, 0, 0
L -110, -193, -126,  -101, -193, -126,  0, 0, 0
L -101, -193, -126,  -72, -180, -126,  0, 0, 0
L -72, -180, -126,  -14, -179, -116,  0, 0, 0
L -14, -179, -116,  3, -194, -106,  0, 0, 0
L -109, -253, -171,  -109, -253, -171,  0, 0, 0
L -109, -253, -171,  -116, -239, -234,  0, 0, 0
L -116, -239, -234,  -117, -226, -303,  0, 0, 0
L -117, -226, -303,  -111, -214, -414,  0, 0, 0
L -111, -214, -414,  -83, -215, -441,  0, 0, 0
L -83, -215, -441,  -74, -203, -339,  0, 0, 0
L -74, -203, -339,  -59, -190, -325,  0, 0, 0
L -59, -190, -325,  -32, -188, -328,  0, 0, 0
L -32, -188, -328,  -3, -200, -364,  0, 0, 0
L -3, -200, -364,  10, -199, -405,  0, 0, 0
L 10, -199, -405,  18, -221, -405,  0, 0, 0
L 18, -221, -405,  5, -222, -405,  0, 0, 0
L 5, -222, -405,  -8, -223, -405,  0, 0, 0
L -8, -223, -405,  -19, -237, -401,  0, 0, 0
L -19, -237, -401,  -6, -242, -405,  0, 0, 0
L -6, -242, -405,  5, -253, -405,  0, 0, 0
L 5, -253, -405,  2, -254, -405,  0, 0, 0
L 2, -254, -405,  -13, -262, -405,  0, 0, 0
L -13, -262, -405,  -22, -242, -405,  0, 0, 0
L -22, -242, -405,  -37, -222, -345,  0, 0, 0
L -37, -222, -345,  -49, -218, -361,  0, 0, 0
L -49, -218, -361,  -69, -221, -362,  0, 0, 0
L -69, -221, -362,  -98, -248, -210,  0, 0, 0
L -98, -248, -210,  -99, -248, -209,  0, 0, 0
L -99, -248, -209,  -109, -253, -168,  0, 0, 0
L -101, -253, -171,  -101, -253, -171,  0, 0, 0
L -101, -253, -171,  -88, -266, -102,  0, 0, 0
L -88, -266, -102,  -100, -291, 18,  0, 0, 0
L -100, -291, 18,  -101, -309, 43,  0, 0, 0
L 170, 0, -96,  170, 0, -96,  0, 0, 0
L 170, 0, -96,  170, 38, -96,  0, 0, 0
L 170, 38, -96,  196, 38, -96,  0, 0, 0
L 196, 38, -96,  210, 52, -96,  0, 0, 0
L 210, 52, -96,  221, 52, -96,  0, 0, 0
L 221, 52, -96,  234, 40, -96,  0, 0, 0
L 234, 40, -96,  233, 28, -96,  0, 0, 0
L 233, 28, -96,  222, 16, -96,  0, 0, 0
L 222, 16, -96,  212, 16, -96,  0, 0, 0
L 212, 16, -96,  205, 21, -96,  0, 0, 0
L 205, 21, -96,  196, 30, -96,  0, 0, 0
L 196, 30, -96,  180, 30, -96,  0, 0, 0
L 180, 30, -96,  178, 8, -96,  0, 0, 0
L 178, 8, -96,  178, 0, -96,  0, 0, 0
L -101, -309, 43,  -101, -309, 43,  0, 0, 0
L -101, -309, 43,  -101, -317, 43,  0, 0, 0
L -101, -317, 43,  -99, -325, 43,  0, 0, 0
L -99, -325, 43,  -86, -338, 43,  0, 0, 0
L -86, -338, 43,  -74, -340, 93,  0, 0, 0
L -74, -340, 93,  -73, -342, 93,  0, 0, 0
L -73, -342, 93,  -85, -347, 43,  0, 0, 0
L -85, -347, 43,  -101, -362, 43,  0, 0, 0
L -101, -362, 43,  -102, -374, 91,  0, 0, 0
L -102, -374, 91,  -105, -375, 90,  0, 0, 0
L -105, -375, 90,  -109, -361, 43,  0, 0, 0
L -109, -361, 43,  -121, -351, 43,  0, 0, 0
L -121, -351, 43,  -136, -345, 92,  0, 0, 0
L -136, -345, 92,  -137, -339, 87,  0, 0, 0
L -137, -339, 87,  -123, -337, 43,  0, 0, 0
L -123, -337, 43,  -109, -324, 43,  0, 0, 0
L -109, -324, 43,  -109, -317, 43,  0, 0, 0
L -109, -317, 43,  -109, -309, 43,  0, 0, 0
L -109, -309, 43,  -110, -291, 21,  0, 0, 0
L -110, -291, 21,  -118, -279, -39,  0, 0, 0
L -118, -279, -39,  -118, -266, -103,  0, 0, 0
L -118, -266, -103,  -109, -252, -174,  0, 0, 0
L -176, -491, 43,  -176, -491, 43,  0, 0, 0
L -176, -491, 43,  -183, -493, 43,  0, 0, 0
L -183, -493, 43,  -185, -462, 43,  0, 0, 0
L -185, -462, 43,  -153, -459, 43,  0, 0, 0
L -153, -459, 43,  -151, -474, 43,  0, 0, 0
L -151, -474, 43,  -153, -479, 43,  0, 0, 0
L -153, -479, 43,  -148, -493, 43,  0, 0, 0
L -148, -493, 43,  -159, -504, 43,  0, 0, 0
L -159, -504, 43,  -176, -491, 43,  0, 0, 0
L 86, 150, -226,  86, 150, -226,  0, 0, 0
L 86, 150, -226,  94, 150, -226,  0, 0, 0
L 94, 142, -226,  94, 142, -226,  0, 0, 0
L 94, 142, -226,  86, 142, -226,  0, 0, 0
L 94, 142, -226,  94, 142, -226,  0, 0, 0
L 66, 120, -226,  66, 120, -226,  0, 0, 0
L 66, 120, -226,  66, 112, -226,  0, 0, 0
L 58, 112, -226,  58, 112, -226,  0, 0, 0
L 58, 112, -226,  58, 120, -226,  0, 0, 0
L 54, -47, 60,  54, -47, 60,  0, 0, 0
L 54, -47, 60,  57, -65, 33,  0, 0, 0
L 57, -65, 33,  68, -80, 33,  0, 0, 0
L 68, -80, 33,  83, -73, 33,  0, 0, 0
L 83, -73, 33,  90, -74, 33,  0, 0, 0
L 90, -74, 33,  103, -85, 3,  0, 0, 0
L 103, -85, 3,  99, -99, -16,  0, 0, 0
L 99, -99, -16,  91, -106, -26,  0, 0, 0
L 91, -106, -26,  85, -112, -39,  0, 0, 0
L 85, -112, -39,  70, -119, -66,  0, 0, 0
L 70, -119, -66,  63, -111, -80,  0, 0, 0
P 93, 146, 0, 0, 0, 0, 2, Dull Bone Key
P 62, 119, 0, 0, 0, 0, 2, Shiny Metal Key
P 90, 57, 0, 0, 0, 0, 2, Guard's Keyring
P 145, 72, 0, 0, 0, 0, 2, Guard's Keyring
P 39, 90, 0, 0, 0, 0, 2, Shiny Metal Key
P 174, 1, 0, 0, 0, 0, 2, Bloodstained Key
P -105, -309, 0, 0, 0, 0, 2, Golden Crescent Key
P -858, 76, 0, 0, 0, 0, 2, Succor Point
