L 283, -2172, -682,  -65, -2174, -683,  0, 0, 0
L -65, -2174, -683,  -65, -1842, -646,  0, 0, 0
L -65, -1842, -646,  -43, -1841, -621,  0, 0, 0
L -43, -1841, -621,  -43, -1672, -648,  0, 0, 0
L -43, -1672, -648,  -59, -1652, -658,  0, 0, 0
L -59, -1652, -658,  -59, -1135, -648,  0, 0, 0
L -59, -1135, -648,  -45, -1136, -648,  0, 0, 0
L -45, -1136, -648,  -45, -1121, -648,  0, 0, 0
L -45, -1121, -648,  -59, -1121, -636,  0, 0, 0
L -59, -1121, -636,  -63, -1030, -451,  0, 0, 0
L -63, -1030, -451,  -61, -1029, -449,  0, 0, 0
L -61, -1029, -449,  -62, -1015, -420,  0, 0, 0
L -62, -1015, -420,  -45, -1018, -418,  0, 0, 0
L -45, -1018, -418,  -45, -1004, -418,  0, 0, 0
L -45, -1004, -418,  -62, -1005, -428,  0, 0, 0
L -62, -1005, -428,  -65, -716, -153,  0, 0, 0
L -65, -716, -153,  -63, -643, 30,  0, 0, 0
L -63, -643, 30,  -61, -643, 30,  0, 0, 0
L -61, -643, 30,  -60, -562, 41,  0, 0, 0
L -60, -562, 41,  -45, -562, 41,  0, 0, 0
L -45, -562, 41,  -45, -548, 41,  0, 0, 0
L -45, -548, 41,  -59, -548, 41,  0, 0, 0
L -59, -548, 41,  -60, -550, 55,  0, 0, 0
L -60, -550, 55,  -88, -543, 31,  0, 0, 0
L -88, -543, 31,  -95, -537, 31,  0, 0, 0
L -95, -537, 31,  -100, -527, 31,  0, 0, 0
L -100, -527, 31,  -101, -522, 31,  0, 0, 0
L -101, -522, 31,  -102, -509, 41,  0, 0, 0
L -102, -509, 41,  -100, -508, 41,  0, 0, 0
L -100, -508, 41,  -100, -494, 41,  0, 0, 0
L -100, -494, 41,  -114, -494, 41,  0, 0, 0
L -114, -494, 41,  -114, -508, 41,  0, 0, 0
L -114, -508, 41,  -174, -508, 41,  0, 0, 0
L -174, -508, 41,  -175, -494, 41,  0, 0, 0
L -175, -494, 41,  -188, -494, 41,  0, 0, 0
L -188, -494, 41,  -188, -508, 41,  0, 0, 0
L -188, -508, 41,  -282, -508, 244,  0, 0, 0
L -282, -508, 244,  -387, -515, 439,  0, 0, 0
L -387, -515, 439,  -380, -577, 409,  0, 0, 0
L -380, -577, 409,  -353, -581, 409,  0, 0, 0
L -353, -581, 409,  -341, -579, 407,  0, 0, 0
L -341, -579, 407,  -305, -579, 408,  0, 0, 0
L -305, -579, 408,  -290, -581, 391,  0, 0, 0
L -290, -581, 391,  -282, -579, 396,  0, 0, 0
L -282, -579, 396,  -272, -581, 391,  0, 0, 0
L -272, -581, 391,  -243, -630, 397,  0, 0, 0
L -243, -630, 397,  -243, -759, 397,  0, 0, 0
L -243, -759, 397,  -250, -759, 391,  0, 0, 0
L -250, -759, 391,  -248, -870, 281,  0, 0, 0
L -248, -870, 281,  -363, -870, 303,  0, 0, 0
L -363, -870, 303,  -365, -881, 402,  0, 0, 0
L -365, -881, 402,  -360, -902, 381,  0, 0, 0
L -360, -902, 381,  -362, -904, 403,  0, 0, 0
L -362, -904, 403,  -362, -987, 404,  0, 0, 0
L -362, -987, 404,  -374, -1018, 509,  0, 0, 0
L -374, -1018, 509,  -385, -1037, 419,  0, 0, 0
L -385, -1037, 419,  -508, -1036, 440,  0, 0, 0
L -508, -1036, 440,  -543, -1036, 467,  0, 0, 0
L -543, -1036, 467,  -590, -1028, 387,  0, 0, 0
L -590, -1028, 387,  -596, -1030, 444,  0, 0, 0
L -596, -1030, 444,  -620, -1030, 362,  0, 0, 0
L -620, -1030, 362,  -622, -1050, 437,  0, 0, 0
L -622, -1050, 437,  -618, -1053, 462,  0, 0, 0
L -618, -1053, 462,  -617, -1092, 475,  0, 0, 0
L -617, -1092, 475,  -617, -1117, 398,  0, 0, 0
L -617, -1117, 398,  -512, -1120, 369,  0, 0, 0
L -512, -1120, 369,  -476, -1122, 355,  0, 0, 0
L -476, -1122, 355,  -446, -1124, 346,  0, 0, 0
L -446, -1124, 346,  -416, -1115, 339,  0, 0, 0
L -416, -1115, 339,  -373, -1107, 331,  0, 0, 0
L -373, -1107, 331,  -369, -1116, 331,  0, 0, 0
L -369, -1116, 331,  -379, -1125, 331,  0, 0, 0
L -379, -1125, 331,  -407, -1151, 375,  0, 0, 0
L -407, -1151, 375,  -457, -1203, 419,  0, 0, 0
L -457, -1203, 419,  -452, -1253, 442,  0, 0, 0
L -452, -1253, 442,  -463, -1254, 304,  0, 0, 0
L -463, -1254, 304,  -463, -1272, 272,  0, 0, 0
L -463, -1272, 272,  -445, -1272, 273,  0, 0, 0
L -445, -1272, 273,  -444, -1268, 376,  0, 0, 0
L -444, -1268, 376,  -401, -1265, 455,  0, 0, 0
L -401, -1265, 455,  -360, -1264, 385,  0, 0, 0
L -360, -1264, 385,  -349, -1271, 336,  0, 0, 0
L -349, -1271, 336,  -319, -1255, 268,  0, 0, 0
L -319, -1255, 268,  -307, -1236, 342,  0, 0, 0
L -307, -1236, 342,  -282, -1229, 325,  0, 0, 0
L -282, -1229, 325,  -252, -1237, 295,  0, 0, 0
L -252, -1237, 295,  -231, -1235, 407,  0, 0, 0
L -231, -1235, 407,  -188, -1236, 415,  0, 0, 0
L -188, -1236, 415,  -127, -1236, 459,  0, 0, 0
L -127, -1236, 459,  -116, -1270, 564,  0, 0, 0
L -116, -1270, 564,  -138, -1279, 351,  0, 0, 0
L -138, -1279, 351,  -137, -1415, 354,  0, 0, 0
L -137, -1415, 354,  -142, -1428, 314,  0, 0, 0
L -142, -1428, 314,  -140, -1608, 344,  0, 0, 0
L -140, -1608, 344,  -136, -1646, 376,  0, 0, 0
L -136, -1646, 376,  -137, -1701, 332,  0, 0, 0
L -137, -1701, 332,  -145, -1726, 423,  0, 0, 0
L -145, -1726, 423,  -95, -1724, 191,  0, 0, 0
L -95, -1724, 191,  -94, -1766, 300,  0, 0, 0
L -94, -1766, 300,  -94, -1854, 300,  0, 0, 0
L -94, -1854, 300,  -107, -1861, 310,  0, 0, 0
L -107, -1861, 310,  -191, -1861, 310,  0, 0, 0
L -191, -1861, 310,  -191, -1834, 220,  0, 0, 0
L -191, -1834, 220,  -211, -1834, 211,  0, 0, 0
L -211, -1834, 211,  -211, -1849, 290,  0, 0, 0
L -211, -1849, 290,  -305, -1849, 290,  0, 0, 0
L -305, -1849, 290,  -322, -1843, 368,  0, 0, 0
L -322, -1843, 368,  -355, -1826, 313,  0, 0, 0
L -355, -1826, 313,  -355, -1802, 183,  0, 0, 0
L -355, -1802, 183,  -355, -1790, 260,  0, 0, 0
L -355, -1790, 260,  -356, -1697, 228,  0, 0, 0
L -356, -1697, 228,  -360, -1624, 207,  0, 0, 0
L -360, -1624, 207,  -365, -1630, 300,  0, 0, 0
L -365, -1630, 300,  -441, -1630, 300,  0, 0, 0
L -441, -1630, 300,  -441, -1568, 208,  0, 0, 0
L -441, -1568, 208,  -447, -1560, 251,  0, 0, 0
L -447, -1560, 251,  -458, -1558, 444,  0, 0, 0
L -458, -1558, 444,  -532, -1558, 464,  0, 0, 0
L -532, -1558, 464,  -523, -1523, 371,  0, 0, 0
L -523, -1523, 371,  -515, -1525, 353,  0, 0, 0
L -515, -1525, 353,  -514, -1508, 266,  0, 0, 0
L -514, -1508, 266,  -524, -1510, 341,  0, 0, 0
L -524, -1510, 341,  -524, -1484, 345,  0, 0, 0
L -524, -1484, 345,  -518, -1483, 340,  0, 0, 0
L -518, -1483, 340,  -509, -1467, 244,  0, 0, 0
L -509, -1467, 244,  -518, -1438, 284,  0, 0, 0
L -518, -1438, 284,  -524, -1408, 355,  0, 0, 0
L -524, -1408, 355,  -524, -1323, 355,  0, 0, 0
L -524, -1323, 355,  -501, -1322, 297,  0, 0, 0
L -501, -1322, 297,  -501, -1307, 314,  0, 0, 0
L -501, -1307, 314,  -554, -1311, 371,  0, 0, 0
L -554, -1311, 371,  -555, -1288, 361,  0, 0, 0
L -555, -1288, 361,  -571, -1288, 426,  0, 0, 0
L -571, -1288, 426,  -572, -1292, 426,  0, 0, 0
L -572, -1292, 426,  -697, -1295, 556,  0, 0, 0
L -697, -1295, 556,  -693, -1266, 378,  0, 0, 0
L -693, -1266, 378,  -663, -1267, 454,  0, 0, 0
L -663, -1267, 454,  -568, -1264, 556,  0, 0, 0
L -568, -1264, 556,  -511, -1264, 411,  0, 0, 0
L -511, -1264, 411,  -501, -1266, 376,  0, 0, 0
L -501, -1266, 376,  -504, -1230, 442,  0, 0, 0
L -504, -1230, 442,  -492, -1209, 297,  0, 0, 0
L -492, -1209, 297,  -515, -1188, 331,  0, 0, 0
L -515, -1188, 331,  -535, -1170, 544,  0, 0, 0
L -535, -1170, 544,  -565, -1183, 398,  0, 0, 0
L -565, -1183, 398,  -614, -1195, 687,  0, 0, 0
L -614, -1195, 687,  -618, -1177, 440,  0, 0, 0
L -618, -1177, 440,  -638, -1152, 576,  0, 0, 0
L -638, -1152, 576,  -666, -1105, 446,  0, 0, 0
L -666, -1105, 446,  -669, -1052, 508,  0, 0, 0
L -669, -1052, 508,  -672, -1007, 369,  0, 0, 0
L -672, -1007, 369,  -669, -949, 492,  0, 0, 0
L -669, -949, 492,  -669, -833, 492,  0, 0, 0
L -669, -833, 492,  -672, -787, 487,  0, 0, 0
L -672, -787, 487,  -673, -766, 442,  0, 0, 0
L -673, -766, 442,  -554, -766, 471,  0, 0, 0
L -554, -766, 471,  -549, -762, 423,  0, 0, 0
L -549, -762, 423,  -550, -634, 455,  0, 0, 0
L -550, -634, 455,  -544, -626, 436,  0, 0, 0
L -544, -626, 436,  -544, -604, 451,  0, 0, 0
L -544, -604, 451,  -531, -600, 357,  0, 0, 0
L -531, -600, 357,  -525, -594, 350,  0, 0, 0
L -525, -594, 350,  -528, -587, 342,  0, 0, 0
L -528, -587, 342,  -518, -582, 351,  0, 0, 0
L -518, -582, 351,  -493, -579, 387,  0, 0, 0
L -493, -579, 387,  -441, -576, 438,  0, 0, 0
L -441, -576, 438,  -440, -584, 372,  0, 0, 0
L -440, -584, 372,  -416, -583, 449,  0, 0, 0
L -416, -583, 449,  -416, -576, 498,  0, 0, 0
L -416, -576, 498,  -418, -514, 373,  0, 0, 0
L -418, -514, 373,  -544, -514, 491,  0, 0, 0
L -544, -514, 491,  -665, -512, 714,  0, 0, 0
L -665, -512, 714,  -862, -512, 721,  0, 0, 0
L -862, -512, 721,  -966, -512, 721,  0, 0, 0
L -966, -512, 721,  -966, -492, 730,  0, 0, 0
L -966, -492, 730,  -992, -490, 721,  0, 0, 0
L -992, -490, 721,  -993, -535, 721,  0, 0, 0
L -1031, -512, 721,  -1023, -511, 721,  0, 0, 0
L -1023, -511, 721,  -1023, -410, 721,  0, 0, 0
L -1023, -410, 721,  -1032, -409, 721,  0, 0, 0
L -1029, -389, 721,  -993, -389, 721,  0, 0, 0
L -993, -389, 721,  -993, -432, 721,  0, 0, 0
L -993, -432, 721,  -967, -433, 721,  0, 0, 0
L -967, -433, 721,  -966, -430, 731,  0, 0, 0
L -966, -430, 731,  -952, -430, 731,  0, 0, 0
L -952, -430, 731,  -966, -412, 721,  0, 0, 0
L -966, -412, 721,  -626, -412, 623,  0, 0, 0
L -626, -412, 623,  -281, -410, 384,  0, 0, 0
L -281, -410, 384,  -115, -412, 214,  0, 0, 0
L -115, -412, 214,  -114, -430, 41,  0, 0, 0
L -114, -430, 41,  -100, -430, 41,  0, 0, 0
L -100, -430, 41,  -100, -416, 41,  0, 0, 0
L -100, -416, 41,  -101, -415, 41,  0, 0, 0
L -101, -415, 41,  -100, -401, 31,  0, 0, 0
L -100, -401, 31,  -93, -389, 31,  0, 0, 0
L -93, -389, 31,  -80, -378, 31,  0, 0, 0
L -80, -378, 31,  -69, -374, 31,  0, 0, 0
L -69, -374, 31,  -59, -374, 65,  0, 0, 0
L -59, -374, 65,  -59, -376, 51,  0, 0, 0
L -59, -376, 51,  -44, -376, 51,  0, 0, 0
L -44, -376, 51,  -44, -362, 51,  0, 0, 0
L -44, -362, 51,  -63, -363, 35,  0, 0, 0
L -63, -363, 35,  -64, -154, 91,  0, 0, 0
L -64, -154, 91,  -71, -155, 133,  0, 0, 0
L -71, -155, 133,  -71, -167, 300,  0, 0, 0
L -71, -167, 300,  -217, -167, 300,  0, 0, 0
L -217, -167, 300,  -218, -139, 221,  0, 0, 0
L -218, -139, 221,  -236, -139, 212,  0, 0, 0
L -236, -139, 212,  -237, -155, 290,  0, 0, 0
L -237, -155, 290,  -338, -155, 290,  0, 0, 0
L -338, -155, 290,  -355, -147, 211,  0, 0, 0
L -355, -147, 211,  -360, -157, 272,  0, 0, 0
L -360, -157, 272,  -382, -140, 338,  0, 0, 0
L -382, -140, 338,  -381, -128, 338,  0, 0, 0
L -381, -128, 338,  -379, -103, 275,  0, 0, 0
L -379, -103, 275,  -381, -92, 283,  0, 0, 0
L -381, -92, 283,  -384, -15, 290,  0, 0, 0
L -384, -15, 290,  -384, 65, 297,  0, 0, 0
L -384, 65, 297,  -389, 69, 290,  0, 0, 0
L -389, 69, 290,  -391, 63, 300,  0, 0, 0
L -391, 63, 300,  -467, 63, 300,  0, 0, 0
L -467, 63, 300,  -467, 128, 231,  0, 0, 0
L -467, 128, 231,  -466, 157, 231,  0, 0, 0
L -466, 157, 231,  -471, 174, 273,  0, 0, 0
L -471, 174, 273,  -472, 221, 281,  0, 0, 0
L -472, 221, 281,  -474, 229, 270,  0, 0, 0
L -474, 229, 270,  -504, 229, 234,  0, 0, 0
L -504, 229, 234,  -503, 220, 334,  0, 0, 0
L -503, 220, 334,  -498, 194, 345,  0, 0, 0
L -498, 194, 345,  -498, 184, 345,  0, 0, 0
L -498, 184, 345,  -519, 185, 221,  0, 0, 0
L -519, 185, 221,  -526, 186, 321,  0, 0, 0
L -526, 186, 321,  -535, 184, 327,  0, 0, 0
L -535, 184, 327,  -548, 184, 414,  0, 0, 0
L -548, 184, 414,  -550, 202, 371,  0, 0, 0
L -550, 202, 371,  -539, 215, 395,  0, 0, 0
L -539, 215, 395,  -533, 221, 298,  0, 0, 0
L -533, 221, 298,  -534, 233, 236,  0, 0, 0
L -534, 233, 236,  -540, 245, 331,  0, 0, 0
L -540, 245, 331,  -544, 258, 316,  0, 0, 0
L -544, 258, 316,  -539, 259, 306,  0, 0, 0
L -539, 259, 306,  -543, 273, 267,  0, 0, 0
L -543, 273, 267,  -550, 274, 347,  0, 0, 0
L -550, 274, 347,  -550, 359, 380,  0, 0, 0
L -550, 359, 380,  -550, 374, 374,  0, 0, 0
L -550, 374, 374,  -552, 376, 363,  0, 0, 0
L -552, 376, 363,  -580, 376, 406,  0, 0, 0
L -580, 376, 406,  -580, 394, 471,  0, 0, 0
L -580, 394, 471,  -586, 398, 355,  0, 0, 0
L -586, 398, 355,  -593, 398, 556,  0, 0, 0
L -593, 398, 556,  -732, 399, 542,  0, 0, 0
L -732, 399, 542,  -778, 397, 337,  0, 0, 0
L -778, 397, 337,  -830, 402, 475,  0, 0, 0
L -830, 402, 475,  -930, 402, 475,  0, 0, 0
L -930, 402, 475,  -951, 407, 373,  0, 0, 0
L -951, 407, 373,  -967, 402, 413,  0, 0, 0
L -967, 402, 413,  -981, 408, 450,  0, 0, 0
L -981, 408, 450,  -985, 402, 475,  0, 0, 0
L -985, 402, 475,  -1129, 402, 482,  0, 0, 0
L -1129, 402, 482,  -1129, 406, 461,  0, 0, 0
L -1129, 406, 461,  -1149, 411, 519,  0, 0, 0
L -1149, 411, 519,  -1154, 412, 485,  0, 0, 0
L -1154, 412, 485,  -1173, 407, 435,  0, 0, 0
L -1173, 407, 435,  -1190, 407, 451,  0, 0, 0
L -1190, 407, 451,  -1194, 425, 505,  0, 0, 0
L -1194, 425, 505,  -1194, 479, 505,  0, 0, 0
L -1194, 479, 505,  -1194, 515, 494,  0, 0, 0
L -1194, 515, 494,  -1200, 521, 481,  0, 0, 0
L -1200, 521, 481,  -1285, 521, 478,  0, 0, 0
L -1285, 521, 478,  -1305, 521, 443,  0, 0, 0
L -1305, 521, 443,  -1324, 524, 346,  0, 0, 0
L -1324, 524, 346,  -1354, 523, 355,  0, 0, 0
L -1354, 523, 355,  -1353, 575, 348,  0, 0, 0
L -1353, 575, 348,  -1354, 650, 385,  0, 0, 0
L -1354, 650, 385,  -1350, 679, 369,  0, 0, 0
L -1350, 679, 369,  -1351, 695, 376,  0, 0, 0
L -1351, 695, 376,  -1354, 757, 408,  0, 0, 0
L -1354, 757, 408,  -1344, 757, 337,  0, 0, 0
L -1344, 757, 337,  -1343, 763, 380,  0, 0, 0
L -1343, 763, 380,  -1335, 770, 397,  0, 0, 0
L -1335, 770, 397,  -1335, 779, 408,  0, 0, 0
L -1335, 779, 408,  -1344, 810, 316,  0, 0, 0
L -1344, 810, 316,  -1326, 821, 363,  0, 0, 0
L -1326, 821, 363,  -1313, 828, 329,  0, 0, 0
L -1313, 828, 329,  -1204, 828, 400,  0, 0, 0
L -1204, 828, 400,  -1194, 818, 427,  0, 0, 0
L -1194, 818, 427,  -1180, 812, 456,  0, 0, 0
L -1180, 812, 456,  -1144, 822, 311,  0, 0, 0
L -1144, 822, 311,  -1092, 823, 367,  0, 0, 0
L -1092, 823, 367,  -1095, 793, 311,  0, 0, 0
L -1095, 793, 311,  -1092, 776, 311,  0, 0, 0
L -1092, 776, 311,  -1093, 721, 342,  0, 0, 0
L -1093, 721, 342,  -1085, 709, 430,  0, 0, 0
L -1085, 709, 430,  -982, 708, 419,  0, 0, 0
L -982, 708, 419,  -964, 700, 397,  0, 0, 0
L -964, 700, 397,  -938, 685, 431,  0, 0, 0
L -938, 685, 431,  -939, 667, 430,  0, 0, 0
L -939, 667, 430,  -938, 647, 461,  0, 0, 0
L -938, 647, 461,  -938, 594, 467,  0, 0, 0
L -938, 594, 467,  -941, 523, 408,  0, 0, 0
L -941, 523, 408,  -938, 468, 448,  0, 0, 0
L -938, 468, 448,  -938, 452, 381,  0, 0, 0
L -938, 452, 381,  -927, 453, 411,  0, 0, 0
L -927, 453, 411,  -818, 453, 410,  0, 0, 0
L -818, 453, 410,  -815, 547, 367,  0, 0, 0
L -815, 547, 367,  -811, 628, 379,  0, 0, 0
L -811, 628, 379,  -825, 685, 361,  0, 0, 0
L -825, 685, 361,  -816, 678, 365,  0, 0, 0
L -816, 678, 365,  -800, 682, 364,  0, 0, 0
L -800, 682, 364,  -740, 623, 331,  0, 0, 0
L -740, 623, 331,  -740, 539, 331,  0, 0, 0
L -740, 539, 331,  -736, 463, 331,  0, 0, 0
L -736, 463, 331,  -736, 442, 331,  0, 0, 0
L -736, 442, 331,  -742, 435, 331,  0, 0, 0
L -742, 435, 331,  -741, 429, 331,  0, 0, 0
L -741, 429, 331,  -734, 424, 336,  0, 0, 0
L -734, 424, 336,  -731, 427, 384,  0, 0, 0
L -731, 427, 384,  -671, 428, 545,  0, 0, 0
L -671, 428, 545,  -601, 428, 565,  0, 0, 0
L -601, 428, 565,  -583, 428, 453,  0, 0, 0
L -583, 428, 453,  -484, 429, 385,  0, 0, 0
L -484, 429, 385,  -386, 429, 385,  0, 0, 0
L -386, 429, 385,  -386, 425, 326,  0, 0, 0
L -386, 425, 326,  -377, 428, 363,  0, 0, 0
L -377, 428, 363,  -352, 439, 305,  0, 0, 0
L -352, 439, 305,  -331, 459, 323,  0, 0, 0
L -331, 459, 323,  -299, 461, 476,  0, 0, 0
L -299, 461, 476,  -265, 456, 399,  0, 0, 0
L -265, 456, 399,  -261, 458, 407,  0, 0, 0
L -261, 458, 407,  -217, 458, 407,  0, 0, 0
L -217, 458, 407,  -151, 457, 415,  0, 0, 0
L -151, 457, 415,  -148, 421, 547,  0, 0, 0
L -148, 421, 547,  -163, 392, 352,  0, 0, 0
L -163, 392, 352,  -162, 229, 344,  0, 0, 0
L -162, 229, 344,  -162, 176, 345,  0, 0, 0
L -162, 176, 345,  -162, 76, 370,  0, 0, 0
L -162, 76, 370,  -161, 19, 367,  0, 0, 0
L -161, 19, 367,  -150, 16, 418,  0, 0, 0
L -150, 16, 418,  -143, 10, 422,  0, 0, 0
L -143, 10, 422,  -115, 16, 291,  0, 0, 0
L -115, 16, 291,  -83, 16, 382,  0, 0, 0
L -83, 16, 382,  -94, 1, 501,  0, 0, 0
L -94, 1, 501,  -104, -11, 583,  0, 0, 0
L -104, -11, 583,  -115, -14, 380,  0, 0, 0
L -115, -14, 380,  -120, -16, 444,  0, 0, 0
L -120, -16, 444,  -144, -16, 381,  0, 0, 0
L -144, -16, 381,  -180, -15, 321,  0, 0, 0
L -180, -15, 321,  -202, 27, 346,  0, 0, 0
L -202, 27, 346,  -202, 75, 379,  0, 0, 0
L -202, 75, 379,  -202, 99, 356,  0, 0, 0
L -202, 99, 356,  -202, 258, 349,  0, 0, 0
L -202, 258, 349,  -203, 359, 383,  0, 0, 0
L -203, 359, 383,  -203, 390, 362,  0, 0, 0
L -203, 390, 362,  -200, 401, 418,  0, 0, 0
L -200, 401, 418,  -195, 403, 408,  0, 0, 0
L -195, 403, 408,  -195, 417, 351,  0, 0, 0
L -195, 417, 351,  -205, 418, 351,  0, 0, 0
L -205, 418, 351,  -274, 417, 378,  0, 0, 0
L -274, 417, 378,  -279, 417, 371,  0, 0, 0
L -279, 417, 371,  -271, 377, 326,  0, 0, 0
L -271, 377, 326,  -271, 283, 332,  0, 0, 0
L -271, 283, 332,  -277, 259, 302,  0, 0, 0
L -277, 259, 302,  -283, 251, 314,  0, 0, 0
L -283, 251, 314,  -296, 233, 315,  0, 0, 0
L -296, 233, 315,  -330, 223, 280,  0, 0, 0
L -330, 223, 280,  -358, 221, 335,  0, 0, 0
L -358, 221, 335,  -358, 182, 335,  0, 0, 0
L -358, 182, 335,  -361, 181, 322,  0, 0, 0
L -361, 181, 322,  -358, 70, 310,  0, 0, 0
L -358, 70, 310,  -356, 60, 308,  0, 0, 0
L -356, 60, 308,  -356, -92, 211,  0, 0, 0
L -356, -92, 211,  -352, -98, 227,  0, 0, 0
L -352, -98, 227,  -338, -97, 290,  0, 0, 0
L -338, -97, 290,  -216, -94, 237,  0, 0, 0
L -216, -94, 237,  -223, -34, 316,  0, 0, 0
L -223, -34, 316,  -165, -34, 300,  0, 0, 0
L -165, -34, 300,  -143, -32, 207,  0, 0, 0
L -143, -32, 207,  -121, -30, 191,  0, 0, 0
L -121, -30, 191,  -120, -71, 308,  0, 0, 0
L -120, -71, 308,  -123, -109, 389,  0, 0, 0
L -123, -109, 389,  -107, -111, 292,  0, 0, 0
L -107, -111, 292,  -72, -110, 289,  0, 0, 0
L -72, -110, 289,  -62, -116, 79,  0, 0, 0
L -62, -116, 79,  -63, -52, 33,  0, 0, 0
L -63, -52, 33,  -63, 15, 34,  0, 0, 0
L -63, 15, 34,  -63, 150, 85,  0, 0, 0
L -63, 150, 85,  -63, 422, 33,  0, 0, 0
L -63, 422, 33,  -63, 655, 51,  0, 0, 0
L -63, 655, 51,  -40, 655, 31,  0, 0, 0
L -40, 655, 31,  -41, 666, 31,  0, 0, 0
L -41, 666, 31,  -85, 667, 31,  0, 0, 0
L -85, 667, 31,  -85, 685, 31,  0, 0, 0
L -85, 685, 31,  -85, 708, 31,  0, 0, 0
L -65, 710, 31,  -64, 702, 31,  0, 0, 0
L -64, 702, 31,  42, 702, 31,  0, 0, 0
L 42, 702, 31,  43, 717, 31,  0, 0, 0
L 60, 718, 31,  60, 667, 31,  0, 0, 0
L 60, 667, 31,  16, 666, 31,  0, 0, 0
L 16, 666, 31,  15, 657, 31,  0, 0, 0
L 15, 657, 31,  21, 655, 51,  0, 0, 0
L 21, 655, 51,  21, 640, 51,  0, 0, 0
L 21, 640, 51,  34, 639, 61,  0, 0, 0
L 34, 639, 61,  29, 391, 31,  0, 0, 0
L 29, 391, 31,  35, 336, 240,  0, 0, 0
L 35, 336, 240,  50, 332, 205,  0, 0, 0
L 50, 332, 205,  156, 332, 205,  0, 0, 0
L 156, 332, 205,  160, 327, 175,  0, 0, 0
L 160, 327, 175,  188, 327, 163,  0, 0, 0
L 188, 327, 163,  205, 328, 111,  0, 0, 0
L 205, 328, 111,  200, 436, 143,  0, 0, 0
L 200, 436, 143,  202, 488, 46,  0, 0, 0
L 202, 488, 46,  301, 488, 71,  0, 0, 0
L 301, 488, 71,  328, 487, 75,  0, 0, 0
L 328, 487, 75,  369, 487, 253,  0, 0, 0
L 369, 487, 253,  392, 487, 128,  0, 0, 0
L 392, 487, 128,  443, 487, 98,  0, 0, 0
L 443, 487, 98,  447, 489, 93,  0, 0, 0
L 447, 489, 93,  448, 552, -48,  0, 0, 0
L 448, 552, -48,  387, 611, -48,  0, 0, 0
L 387, 685, -48,  387, 685, -48,  0, 0, 0
L 387, 685, -48,  484, 590, -48,  0, 0, 0
L 484, 590, -48,  481, 495, -14,  0, 0, 0
L 481, 495, -14,  495, 465, 5,  0, 0, 0
L 495, 465, 5,  507, 427, 115,  0, 0, 0
L 507, 427, 115,  507, 345, 90,  0, 0, 0
L 507, 345, 90,  502, 320, -3,  0, 0, 0
L 502, 320, -3,  502, 206, 63,  0, 0, 0
L 502, 206, 63,  501, 114, 65,  0, 0, 0
L 501, 114, 65,  505, 52, 73,  0, 0, 0
L 505, 52, 73,  504, -30, 91,  0, 0, 0
L 504, -30, 91,  501, -90, 124,  0, 0, 0
L 501, -90, 124,  505, -127, 26,  0, 0, 0
L 505, -127, 26,  497, -165, 76,  0, 0, 0
L 497, -165, 76,  517, -168, 97,  0, 0, 0
L 517, -168, 97,  560, -168, 96,  0, 0, 0
L 560, -168, 96,  616, -172, 54,  0, 0, 0
L 616, -172, 54,  623, -205, 105,  0, 0, 0
L 623, -205, 105,  612, -212, 41,  0, 0, 0
L 612, -212, 41,  611, -220, 48,  0, 0, 0
L 611, -220, 48,  613, -225, 46,  0, 0, 0
L 613, -225, 46,  614, -435, 74,  0, 0, 0
L 614, -435, 74,  614, -548, 65,  0, 0, 0
L 614, -548, 65,  614, -606, 35,  0, 0, 0
L 614, -606, 35,  618, -618, 107,  0, 0, 0
L 618, -618, 107,  620, -651, -38,  0, 0, 0
L 620, -651, -38,  619, -658, -38,  0, 0, 0
L 619, -658, -38,  620, -660, -38,  0, 0, 0
L 620, -660, -38,  642, -657, 9,  0, 0, 0
L 642, -657, 9,  677, -658, -106,  0, 0, 0
L 677, -658, -106,  703, -661, -81,  0, 0, 0
L 703, -661, -81,  725, -661, -93,  0, 0, 0
L 725, -661, -93,  756, -657, 10,  0, 0, 0
L 756, -657, 10,  759, -657, 53,  0, 0, 0
L 759, -657, 53,  769, -668, 200,  0, 0, 0
L 769, -668, 200,  767, -680, 92,  0, 0, 0
L 767, -680, 92,  786, -688, 32,  0, 0, 0
L 786, -688, 32,  786, -779, -1,  0, 0, 0
L 786, -779, -1,  776, -794, 0,  0, 0, 0
L 776, -794, 0,  576, -794, 29,  0, 0, 0
L 576, -794, 29,  578, -790, 92,  0, 0, 0
L 578, -790, 92,  587, -780, -108,  0, 0, 0
L 587, -780, -108,  577, -767, -64,  0, 0, 0
L 577, -767, -64,  564, -770, -92,  0, 0, 0
L 564, -770, -92,  546, -768, -13,  0, 0, 0
L 546, -768, -13,  531, -782, 34,  0, 0, 0
L 531, -782, 34,  492, -782, -19,  0, 0, 0
L 492, -782, -19,  442, -782, 31,  0, 0, 0
L 442, -782, 31,  419, -772, -70,  0, 0, 0
L 419, -772, -70,  396, -758, -5,  0, 0, 0
L 396, -758, -5,  396, -741, -11,  0, 0, 0
L 396, -741, -11,  394, -704, -82,  0, 0, 0
L 394, -704, -82,  393, -558, -59,  0, 0, 0
L 393, -558, -59,  375, -563, -9,  0, 0, 0
L 375, -563, -9,  309, -563, -9,  0, 0, 0
L 309, -563, -9,  309, -501, -93,  0, 0, 0
L 309, -501, -93,  300, -492, -58,  0, 0, 0
L 300, -492, -58,  297, -483, -41,  0, 0, 0
L 297, -483, -41,  283, -491, 180,  0, 0, 0
L 283, -491, 180,  127, -491, 154,  0, 0, 0
L 127, -491, 154,  126, -487, 90,  0, 0, 0
L 126, -487, 90,  92, -488, 71,  0, 0, 0
L 92, -488, 71,  92, -484, 80,  0, 0, 0
L 92, -484, 80,  77, -487, 31,  0, 0, 0
L 77, -487, 31,  73, -494, 31,  0, 0, 0
L 73, -494, 31,  71, -514, 31,  0, 0, 0
L 71, -514, 31,  64, -529, 31,  0, 0, 0
L 64, -529, 31,  58, -536, 31,  0, 0, 0
L 58, -536, 31,  41, -544, 31,  0, 0, 0
L 41, -544, 31,  30, -547, 41,  0, 0, 0
L 30, -547, 41,  18, -548, 41,  0, 0, 0
L 18, -548, 41,  18, -561, 41,  0, 0, 0
L 18, -561, 41,  36, -560, 31,  0, 0, 0
L 36, -560, 31,  38, -848, -236,  0, 0, 0
L 38, -848, -236,  35, -1020, -429,  0, 0, 0
L 35, -1020, -429,  33, -1141, -658,  0, 0, 0
L 33, -1141, -658,  33, -1662, -628,  0, 0, 0
L 33, -1662, -628,  32, -1657, -648,  0, 0, 0
L 32, -1657, -648,  18, -1657, -648,  0, 0, 0
L 18, -1657, -648,  18, -1671, -648,  0, 0, 0
L 18, -1671, -648,  15, -1673, -658,  0, 0, 0
L 15, -1673, -658,  16, -1840, -686,  0, 0, 0
L 16, -1840, -686,  33, -1842, -628,  0, 0, 0
L 33, -1842, -628,  37, -1931, -685,  0, 0, 0
L 37, -1931, -685,  329, -1936, -684,  0, 0, 0
L -421, -619, 445,  -494, -619, 445,  0, 0, 0
L -494, -619, 445,  -497, -623, 425,  0, 0, 0
L -497, -623, 425,  -498, -755, 455,  0, 0, 0
L -498, -755, 455,  -503, -756, 419,  0, 0, 0
L -503, -756, 419,  -497, -765, 401,  0, 0, 0
L -497, -765, 401,  -476, -766, 471,  0, 0, 0
L -476, -766, 471,  -475, -773, 392,  0, 0, 0
L -475, -773, 392,  -319, -771, 311,  0, 0, 0
L -319, -771, 311,  -318, -778, 320,  0, 0, 0
L -318, -778, 320,  -312, -773, 347,  0, 0, 0
L -312, -773, 347,  -296, -756, 353,  0, 0, 0
L -296, -756, 353,  -301, -727, 398,  0, 0, 0
L -301, -727, 398,  -301, -623, 399,  0, 0, 0
L -301, -623, 399,  -375, -620, 452,  0, 0, 0
L -375, -620, 452,  -377, -614, 442,  0, 0, 0
L -377, -614, 442,  -398, -613, 341,  0, 0, 0
L -398, -613, 341,  -420, -614, 395,  0, 0, 0
L -420, -614, 395,  -421, -619, 445,  0, 0, 0
L -610, -818, 464,  -611, -815, 460,  0, 0, 0
L -611, -815, 460,  -627, -831, 482,  0, 0, 0
L -627, -831, 482,  -617, -832, 498,  0, 0, 0
L -617, -832, 498,  -617, -992, 485,  0, 0, 0
L -617, -992, 485,  -614, -996, 442,  0, 0, 0
L -614, -996, 442,  -420, -995, 476,  0, 0, 0
L -420, -995, 476,  -420, -879, 428,  0, 0, 0
L -420, -879, 428,  -426, -876, 379,  0, 0, 0
L -426, -876, 379,  -436, -860, 558,  0, 0, 0
L -436, -860, 558,  -448, -836, 365,  0, 0, 0
L -448, -836, 365,  -478, -821, 467,  0, 0, 0
L -478, -821, 467,  -579, -821, 462,  0, 0, 0
L -579, -821, 462,  -591, -819, 501,  0, 0, 0
L -591, -819, 501,  -610, -818, 464,  0, 0, 0
L -309, -1316, 266,  -307, -1311, 267,  0, 0, 0
L -307, -1311, 267,  -303, -1313, 299,  0, 0, 0
L -303, -1313, 299,  -303, -1427, 337,  0, 0, 0
L -303, -1427, 337,  -304, -1428, 339,  0, 0, 0
L -304, -1428, 339,  -392, -1429, 337,  0, 0, 0
L -392, -1429, 337,  -469, -1429, 314,  0, 0, 0
L -469, -1429, 314,  -472, -1321, 362,  0, 0, 0
L -472, -1321, 362,  -478, -1319, 321,  0, 0, 0
L -478, -1319, 321,  -468, -1311, 321,  0, 0, 0
L -468, -1311, 321,  -418, -1307, 319,  0, 0, 0
L -418, -1307, 319,  -396, -1307, 319,  0, 0, 0
L -396, -1307, 319,  -396, -1306, 306,  0, 0, 0
L -396, -1306, 306,  -386, -1304, 299,  0, 0, 0
L -386, -1304, 299,  -380, -1303, 334,  0, 0, 0
L -380, -1303, 334,  -374, -1300, 340,  0, 0, 0
L -374, -1300, 340,  -366, -1302, 319,  0, 0, 0
L -366, -1302, 319,  -364, -1310, 356,  0, 0, 0
L -364, -1310, 356,  -344, -1312, 355,  0, 0, 0
L -344, -1312, 355,  -323, -1314, 271,  0, 0, 0
L -323, -1314, 271,  -309, -1316, 266,  0, 0, 0
L -175, -1290, 423,  -177, -1728, 293,  0, 0, 0
L -177, -1728, 293,  -206, -1728, 300,  0, 0, 0
L -206, -1728, 300,  -193, -1755, 222,  0, 0, 0
L -193, -1755, 222,  -183, -1757, 211,  0, 0, 0
L -183, -1757, 211,  -178, -1762, 215,  0, 0, 0
L -178, -1762, 215,  -178, -1772, 223,  0, 0, 0
L -178, -1772, 223,  -189, -1782, 314,  0, 0, 0
L -189, -1782, 314,  -194, -1797, 232,  0, 0, 0
L -194, -1797, 232,  -204, -1791, 290,  0, 0, 0
L -204, -1791, 290,  -305, -1791, 290,  0, 0, 0
L -305, -1791, 290,  -306, -1796, 244,  0, 0, 0
L -306, -1796, 244,  -337, -1795, 211,  0, 0, 0
L -337, -1795, 211,  -337, -1783, 212,  0, 0, 0
L -337, -1783, 212,  -330, -1781, 325,  0, 0, 0
L -330, -1781, 325,  -330, -1628, 338,  0, 0, 0
L -330, -1628, 338,  -332, -1626, 300,  0, 0, 0
L -332, -1626, 300,  -332, -1516, 272,  0, 0, 0
L -332, -1516, 272,  -334, -1515, 243,  0, 0, 0
L -334, -1515, 243,  -332, -1473, 330,  0, 0, 0
L -332, -1473, 330,  -300, -1470, 225,  0, 0, 0
L -300, -1470, 225,  -277, -1469, 208,  0, 0, 0
L -277, -1469, 208,  -261, -1441, 303,  0, 0, 0
L -261, -1441, 303,  -245, -1419, 295,  0, 0, 0
L -245, -1419, 295,  -245, -1339, 300,  0, 0, 0
L -245, -1339, 300,  -246, -1306, 267,  0, 0, 0
L -246, -1306, 267,  -186, -1275, 351,  0, 0, 0
L -186, -1275, 351,  -168, -1288, 421,  0, 0, 0
L -168, -1288, 421,  -175, -1290, 423,  0, 0, 0
L -369, -1534, 210,  -400, -1533, 317,  0, 0, 0
L -400, -1533, 317,  -405, -1529, 300,  0, 0, 0
L -405, -1529, 300,  -405, -1477, 309,  0, 0, 0
L -405, -1477, 309,  -403, -1472, 344,  0, 0, 0
L -403, -1472, 344,  -381, -1471, 301,  0, 0, 0
L -381, -1471, 301,  -363, -1473, 269,  0, 0, 0
L -363, -1473, 269,  -362, -1470, 268,  0, 0, 0
L -362, -1470, 268,  -357, -1471, 261,  0, 0, 0
L -357, -1471, 261,  -357, -1524, 183,  0, 0, 0
L -357, -1524, 183,  -367, -1536, 207,  0, 0, 0
L -367, -1536, 207,  -369, -1534, 210,  0, 0, 0
L -470, -1514, 291,  -473, -1486, 332,  0, 0, 0
L -473, -1486, 332,  -476, -1485, 290,  0, 0, 0
L -476, -1485, 290,  -477, -1465, 237,  0, 0, 0
L -477, -1465, 237,  -449, -1463, 267,  0, 0, 0
L -449, -1463, 267,  -447, -1473, 281,  0, 0, 0
L -447, -1473, 281,  -446, -1474, 281,  0, 0, 0
L -446, -1474, 281,  -445, -1493, 272,  0, 0, 0
L -445, -1493, 272,  -445, -1525, 269,  0, 0, 0
L -445, -1525, 269,  -443, -1526, 242,  0, 0, 0
L -443, -1526, 242,  -443, -1532, 249,  0, 0, 0
L -443, -1532, 249,  -468, -1533, 308,  0, 0, 0
L -468, -1533, 308,  -469, -1526, 296,  0, 0, 0
L -469, -1526, 296,  -467, -1525, 346,  0, 0, 0
L -467, -1525, 346,  -470, -1514, 291,  0, 0, 0
L 93, -443, 73,  92, -448, 78,  0, 0, 0
L 92, -448, 78,  78, -448, 31,  0, 0, 0
L 78, -448, 31,  68, -431, 31,  0, 0, 0
L 68, -431, 31,  67, -412, 31,  0, 0, 0
L 67, -412, 31,  66, -405, 31,  0, 0, 0
L 66, -405, 31,  55, -390, 31,  0, 0, 0
L 55, -390, 31,  40, -381, 31,  0, 0, 0
L 40, -381, 31,  30, -377, 70,  0, 0, 0
L 30, -377, 70,  19, -376, 51,  0, 0, 0
L 19, -376, 51,  19, -362, 51,  0, 0, 0
L 19, -362, 51,  37, -364, 47,  0, 0, 0
L 37, -364, 47,  37, -225, 49,  0, 0, 0
L 37, -225, 49,  178, -228, 246,  0, 0, 0
L 178, -228, 246,  180, -221, 153,  0, 0, 0
L 180, -221, 153,  195, -221, 2,  0, 0, 0
L 195, -221, 2,  196, -243, 75,  0, 0, 0
L 196, -243, 75,  203, -243, 132,  0, 0, 0
L 203, -243, 132,  223, -242, 168,  0, 0, 0
L 223, -242, 168,  240, -243, 116,  0, 0, 0
L 240, -243, 116,  253, -230, 1,  0, 0, 0
L 253, -230, 1,  259, -245, 11,  0, 0, 0
L 259, -245, 11,  256, -257, -25,  0, 0, 0
L 256, -257, -25,  237, -265, -71,  0, 0, 0
L 237, -265, -71,  226, -270, 45,  0, 0, 0
L 226, -270, 45,  226, -284, 45,  0, 0, 0
L 226, -284, 45,  226, -349, 45,  0, 0, 0
L 226, -349, 45,  234, -354, -26,  0, 0, 0
L 234, -354, -26,  232, -368, -13,  0, 0, 0
L 232, -368, -13,  232, -371, -4,  0, 0, 0
L 232, -371, -4,  240, -405, -31,  0, 0, 0
L 240, -405, -31,  239, -412, 2,  0, 0, 0
L 239, -412, 2,  231, -416, 28,  0, 0, 0
L 231, -416, 28,  226, -417, 35,  0, 0, 0
L 226, -417, 35,  226, -435, 35,  0, 0, 0
L 226, -435, 35,  230, -432, 54,  0, 0, 0
L 230, -432, 54,  232, -433, 56,  0, 0, 0
L 232, -433, 56,  232, -448, -5,  0, 0, 0
L 232, -448, -5,  217, -449, 106,  0, 0, 0
L 217, -449, 106,  190, -450, 191,  0, 0, 0
L 190, -450, 191,  127, -450, 147,  0, 0, 0
L 127, -450, 147,  126, -453, 141,  0, 0, 0
L 126, -453, 141,  93, -443, 73,  0, 0, 0
L 277, -419, 22,  274, -418, 25,  0, 0, 0
L 274, -418, 25,  274, -397, -75,  0, 0, 0
L 274, -397, -75,  305, -400, 29,  0, 0, 0
L 305, -400, 29,  305, -458, -34,  0, 0, 0
L 305, -458, -34,  307, -459, -68,  0, 0, 0
L 307, -459, -68,  306, -466, -59,  0, 0, 0
L 306, -466, -59,  300, -467, -22,  0, 0, 0
L 300, -467, -22,  299, -469, -26,  0, 0, 0
L 299, -469, -26,  285, -469, 1,  0, 0, 0
L 285, -469, 1,  282, -466, 0,  0, 0, 0
L 282, -466, 0,  283, -458, 56,  0, 0, 0
L 283, -458, 56,  280, -447, 18,  0, 0, 0
L 280, -447, 18,  280, -447, 19,  0, 0, 0
L 280, -447, 19,  278, -438, 35,  0, 0, 0
L 278, -438, 35,  278, -426, 30,  0, 0, 0
L 278, -426, 30,  277, -419, 22,  0, 0, 0
L 418, -452, -9,  415, -445, 64,  0, 0, 0
L 415, -445, 64,  418, -444, 63,  0, 0, 0
L 418, -444, 63,  419, -404, 4,  0, 0, 0
L 419, -404, 4,  444, -403, 20,  0, 0, 0
L 444, -403, 20,  450, -402, -6,  0, 0, 0
L 450, -402, -6,  465, -402, 4,  0, 0, 0
L 465, -402, 4,  471, -401, 6,  0, 0, 0
L 471, -401, 6,  480, -402, -1,  0, 0, 0
L 480, -402, -1,  484, -397, -2,  0, 0, 0
L 484, -397, -2,  491, -384, 6,  0, 0, 0
L 491, -384, 6,  488, -367, -101,  0, 0, 0
L 488, -367, -101,  505, -353, -9,  0, 0, 0
L 505, -353, -9,  505, -248, 17,  0, 0, 0
L 505, -248, 17,  500, -226, -15,  0, 0, 0
L 500, -226, -15,  499, -209, 43,  0, 0, 0
L 499, -209, 43,  501, -208, 58,  0, 0, 0
L 501, -208, 58,  522, -209, 147,  0, 0, 0
L 522, -209, 147,  559, -208, 62,  0, 0, 0
L 559, -208, 62,  582, -212, 41,  0, 0, 0
L 582, -212, 41,  582, -220, 39,  0, 0, 0
L 582, -220, 39,  573, -223, 38,  0, 0, 0
L 573, -223, 38,  574, -544, 37,  0, 0, 0
L 574, -544, 37,  574, -606, 40,  0, 0, 0
L 574, -606, 40,  594, -640, 54,  0, 0, 0
L 594, -640, 54,  589, -668, -74,  0, 0, 0
L 589, -668, -74,  568, -661, -9,  0, 0, 0
L 568, -661, -9,  573, -721, -73,  0, 0, 0
L 573, -721, -73,  552, -732, 36,  0, 0, 0
L 552, -732, 36,  539, -725, 48,  0, 0, 0
L 539, -725, 48,  440, -724, -19,  0, 0, 0
L 440, -724, -19,  420, -719, -100,  0, 0, 0
L 420, -719, -100,  420, -653, -10,  0, 0, 0
L 420, -653, -10,  420, -643, 75,  0, 0, 0
L 420, -643, 75,  420, -561, 78,  0, 0, 0
L 420, -561, 78,  419, -561, 21,  0, 0, 0
L 419, -561, 21,  418, -452, -9,  0, 0, 0
L 394, -451, -100,  399, -453, -108,  0, 0, 0
L 399, -453, -108,  391, -462, -45,  0, 0, 0
L 391, -462, -45,  386, -469, -58,  0, 0, 0
L 386, -469, -58,  371, -469, -7,  0, 0, 0
L 371, -469, -7,  350, -465, -6,  0, 0, 0
L 350, -465, -6,  340, -463, -48,  0, 0, 0
L 340, -463, -48,  345, -432, -33,  0, 0, 0
L 345, -432, -33,  344, -427, -37,  0, 0, 0
L 344, -427, -37,  345, -417, 6,  0, 0, 0
L 345, -417, 6,  336, -416, -22,  0, 0, 0
L 336, -416, -22,  336, -407, -28,  0, 0, 0
L 336, -407, -28,  350, -402, -14,  0, 0, 0
L 350, -402, -14,  376, -400, -34,  0, 0, 0
L 376, -400, -34,  380, -399, -39,  0, 0, 0
L 380, -399, -39,  394, -437, 23,  0, 0, 0
L 394, -437, 23,  394, -451, 11,  0, 0, 0
L 394, -451, 11,  399, -453, -112,  0, 0, 0
L 444, -362, -22,  358, -362, 38,  0, 0, 0
L 358, -362, 38,  281, -362, 33,  0, 0, 0
L 281, -362, 33,  280, -360, 28,  0, 0, 0
L 280, -360, 28,  278, -254, 45,  0, 0, 0
L 278, -254, 45,  271, -253, 59,  0, 0, 0
L 271, -253, 59,  279, -243, 11,  0, 0, 0
L 279, -243, 11,  381, -243, 55,  0, 0, 0
L 381, -243, 55,  389, -241, 49,  0, 0, 0
L 389, -241, 49,  406, -244, 33,  0, 0, 0
L 406, -244, 33,  430, -246, 5,  0, 0, 0
L 430, -246, 5,  442, -244, 38,  0, 0, 0
L 442, -244, 38,  449, -246, 16,  0, 0, 0
L 449, -246, 16,  444, -362, -22,  0, 0, 0
L 459, -136, 27,  464, -147, 40,  0, 0, 0
L 464, -147, 40,  454, -153, 113,  0, 0, 0
L 454, -153, 113,  454, -164, 35,  0, 0, 0
L 454, -164, 35,  428, -188, -10,  0, 0, 0
L 428, -188, -10,  421, -197, -30,  0, 0, 0
L 421, -197, -30,  411, -203, -7,  0, 0, 0
L 411, -203, -7,  402, -197, 27,  0, 0, 0
L 402, -197, 27,  394, -201, 10,  0, 0, 0
L 394, -201, 10,  188, -197, 75,  0, 0, 0
L 188, -197, 75,  187, -199, 67,  0, 0, 0
L 187, -199, 67,  44, -199, 72,  0, 0, 0
L 44, -199, 72,  44, -203, 62,  0, 0, 0
L 44, -203, 62,  37, -201, 75,  0, 0, 0
L 37, -201, 75,  37, 68, 122,  0, 0, 0
L 37, 68, 122,  40, 79, 102,  0, 0, 0
L 40, 79, 102,  60, 74, 189,  0, 0, 0
L 60, 74, 189,  72, 74, 171,  0, 0, 0
L 72, 74, 171,  73, 66, 254,  0, 0, 0
L 73, 66, 254,  81, 63, 185,  0, 0, 0
L 81, 63, 185,  81, 30, 165,  0, 0, 0
L 81, 30, 165,  81, -41, 185,  0, 0, 0
L 81, -41, 185,  83, -53, 135,  0, 0, 0
L 83, -53, 135,  117, -88, 94,  0, 0, 0
L 117, -88, 94,  145, -114, 222,  0, 0, 0
L 145, -114, 222,  162, -127, 285,  0, 0, 0
L 162, -127, 285,  204, -125, 21,  0, 0, 0
L 204, -125, 21,  419, -130, 21,  0, 0, 0
L 419, -130, 21,  428, -118, 21,  0, 0, 0
L 428, -118, 21,  444, -120, 61,  0, 0, 0
L 444, -120, 61,  455, -130, 98,  0, 0, 0
L 455, -130, 98,  459, -136, 27,  0, 0, 0
L 390, -40, 21,  260, -56, 52,  0, 0, 0
L 260, -56, 52,  218, -50, 62,  0, 0, 0
L 218, -50, 62,  189, -49, 64,  0, 0, 0
L 189, -49, 64,  152, -49, 39,  0, 0, 0
L 152, -49, 39,  132, -41, 152,  0, 0, 0
L 132, -41, 152,  133, 40, 163,  0, 0, 0
L 133, 40, 163,  123, 48, 59,  0, 0, 0
L 123, 48, 59,  124, 57, 101,  0, 0, 0
L 124, 57, 101,  132, 54, 152,  0, 0, 0
L 132, 54, 152,  127, 55, 101,  0, 0, 0
L 127, 55, 101,  128, 74, 61,  0, 0, 0
L 128, 74, 61,  157, 76, 87,  0, 0, 0
L 157, 76, 87,  176, 67, 101,  0, 0, 0
L 176, 67, 101,  191, 67, 101,  0, 0, 0
L 191, 67, 101,  192, 70, 101,  0, 0, 0
L 192, 70, 101,  207, 72, 101,  0, 0, 0
L 207, 72, 101,  221, 71, 113,  0, 0, 0
L 221, 71, 113,  228, 72, 102,  0, 0, 0
L 228, 72, 102,  230, 75, 84,  0, 0, 0
L 230, 75, 84,  242, 73, 90,  0, 0, 0
L 242, 73, 90,  247, 78, 67,  0, 0, 0
L 247, 78, 67,  261, 72, 104,  0, 0, 0
L 261, 72, 104,  271, 70, 128,  0, 0, 0
L 271, 70, 128,  327, 70, 126,  0, 0, 0
L 327, 70, 126,  361, 71, 33,  0, 0, 0
L 361, 71, 33,  372, 87, 45,  0, 0, 0
L 372, 87, 45,  389, 112, 106,  0, 0, 0
L 389, 112, 106,  388, 211, 120,  0, 0, 0
L 388, 211, 120,  386, 228, 114,  0, 0, 0
L 386, 228, 114,  394, 232, 83,  0, 0, 0
L 394, 232, 83,  412, 225, -4,  0, 0, 0
L 412, 225, -4,  450, 225, -28,  0, 0, 0
L 450, 225, -28,  455, 201, -7,  0, 0, 0
L 455, 201, -7,  403, 201, -7,  0, 0, 0
L 403, 201, -7,  403, 118, -4,  0, 0, 0
L 403, 118, -4,  407, 61, -2,  0, 0, 0
L 407, 61, -2,  407, -27, 7,  0, 0, 0
L 407, -27, 7,  457, -26, 5,  0, 0, 0
L 457, -26, 5,  458, -39, 25,  0, 0, 0
L 458, -39, 25,  405, -40, 21,  0, 0, 0
L 405, -40, 21,  402, -59, 21,  0, 0, 0
L 402, -59, 21,  391, -59, 21,  0, 0, 0
L 391, -59, 21,  390, -40, 21,  0, 0, 0
L 37, 108, 131,  37, 268, 51,  0, 0, 0
L 37, 268, 51,  38, 285, 53,  0, 0, 0
L 38, 285, 53,  73, 278, 158,  0, 0, 0
L 73, 278, 158,  82, 260, 242,  0, 0, 0
L 82, 260, 242,  81, 143, 175,  0, 0, 0
L 81, 143, 175,  72, 106, 141,  0, 0, 0
L 72, 106, 141,  65, 100, 98,  0, 0, 0
L 65, 100, 98,  56, 106, 184,  0, 0, 0
L 56, 106, 184,  40, 106, 184,  0, 0, 0
L 40, 106, 184,  37, 108, 131,  0, 0, 0
L 135, 113, 144,  133, 255, 175,  0, 0, 0
L 133, 255, 175,  130, 256, 154,  0, 0, 0
L 130, 256, 154,  123, 265, 195,  0, 0, 0
L 123, 265, 195,  133, 276, 141,  0, 0, 0
L 133, 276, 141,  139, 274, 156,  0, 0, 0
L 139, 274, 156,  147, 274, 184,  0, 0, 0
L 147, 274, 184,  178, 269, 175,  0, 0, 0
L 178, 269, 175,  274, 269, 175,  0, 0, 0
L 274, 269, 175,  274, 273, 111,  0, 0, 0
L 274, 273, 111,  319, 238, 50,  0, 0, 0
L 319, 238, 50,  321, 246, 51,  0, 0, 0
L 321, 246, 51,  337, 233, -27,  0, 0, 0
L 337, 233, -27,  335, 223, 128,  0, 0, 0
L 335, 223, 128,  330, 116, 120,  0, 0, 0
L 330, 116, 120,  319, 111, 156,  0, 0, 0
L 319, 111, 156,  225, 111, 171,  0, 0, 0
L 225, 111, 171,  213, 111, 189,  0, 0, 0
L 213, 111, 189,  193, 112, 168,  0, 0, 0
L 193, 112, 168,  138, 109, 163,  0, 0, 0
L 138, 109, 163,  135, 113, 144,  0, 0, 0
L 430, 321, 6,  275, 320, 87,  0, 0, 0
L 275, 320, 87,  274, 327, 175,  0, 0, 0
L 274, 327, 175,  261, 327, 212,  0, 0, 0
L 261, 327, 212,  250, 342, 111,  0, 0, 0
L 250, 342, 111,  252, 441, 145,  0, 0, 0
L 252, 441, 145,  254, 444, 114,  0, 0, 0
L 254, 444, 114,  255, 446, 106,  0, 0, 0
L 255, 446, 106,  445, 446, 131,  0, 0, 0
L 445, 446, 131,  449, 339, 97,  0, 0, 0
L 449, 339, 97,  455, 338, 32,  0, 0, 0
L 455, 338, 32,  432, 310, 11,  0, 0, 0
L 432, 310, 11,  431, 321, 6,  0, 0, 0
L -431, 209, 292,  -439, 210, 274,  0, 0, 0
L -439, 210, 274,  -440, 223, 281,  0, 0, 0
L -440, 223, 281,  -382, 230, 249,  0, 0, 0
L -382, 230, 249,  -382, 220, 269,  0, 0, 0
L -382, 220, 269,  -382, 175, 259,  0, 0, 0
L -382, 175, 259,  -378, 174, 256,  0, 0, 0
L -378, 174, 256,  -385, 164, 292,  0, 0, 0
L -385, 164, 292,  -390, 155, 307,  0, 0, 0
L -390, 155, 307,  -412, 157, 248,  0, 0, 0
L -412, 157, 248,  -432, 169, 297,  0, 0, 0
L -432, 169, 297,  -432, 194, 265,  0, 0, 0
L -432, 194, 265,  -431, 209, 292,  0, 0, 0
L -329, 339, 300,  -330, 265, 312,  0, 0, 0
L -330, 265, 312,  -485, 263, 345,  0, 0, 0
L -485, 263, 345,  -498, 262, 306,  0, 0, 0
L -498, 262, 306,  -498, 278, 355,  0, 0, 0
L -498, 278, 355,  -498, 372, 355,  0, 0, 0
L -498, 372, 355,  -504, 373, 318,  0, 0, 0
L -504, 373, 318,  -482, 382, 321,  0, 0, 0
L -482, 382, 321,  -400, 383, 413,  0, 0, 0
L -400, 383, 413,  -398, 400, 261,  0, 0, 0
L -398, 400, 261,  -375, 386, 354,  0, 0, 0
L -375, 386, 354,  -347, 382, 269,  0, 0, 0
L -347, 382, 269,  -331, 379, 311,  0, 0, 0
L -331, 379, 311,  -332, 364, 261,  0, 0, 0
L -332, 364, 261,  -327, 343, 278,  0, 0, 0
L -327, 343, 278,  -329, 339, 300,  0, 0, 0
L -1122, 454, 488,  -978, 455, 465,  0, 0, 0
L -978, 455, 465,  -978, 540, 455,  0, 0, 0
L -978, 540, 455,  -978, 649, 427,  0, 0, 0
L -978, 649, 427,  -1082, 651, 430,  0, 0, 0
L -1082, 651, 430,  -1092, 665, 399,  0, 0, 0
L -1092, 665, 399,  -1143, 596, 479,  0, 0, 0
L -1143, 596, 479,  -1136, 484, 503,  0, 0, 0
L -1136, 484, 503,  -1139, 483, 507,  0, 0, 0
L -1139, 483, 507,  -1137, 456, 478,  0, 0, 0
L -1137, 456, 478,  -1134, 454, 499,  0, 0, 0
L -1134, 454, 499,  -1122, 454, 488,  0, 0, 0
L -1194, 595, 493,  -1188, 596, 407,  0, 0, 0
L -1188, 596, 407,  -1185, 760, 345,  0, 0, 0
L -1185, 760, 345,  -1202, 776, 414,  0, 0, 0
L -1202, 776, 414,  -1206, 770, 400,  0, 0, 0
L -1206, 770, 400,  -1306, 772, 383,  0, 0, 0
L -1306, 772, 383,  -1313, 774, 398,  0, 0, 0
L -1313, 774, 398,  -1321, 766, 395,  0, 0, 0
L -1321, 766, 395,  -1320, 749, 418,  0, 0, 0
L -1320, 749, 418,  -1321, 676, 429,  0, 0, 0
L -1321, 676, 429,  -1318, 663, 438,  0, 0, 0
L -1318, 663, 438,  -1317, 652, 446,  0, 0, 0
L -1317, 652, 446,  -1313, 574, 411,  0, 0, 0
L -1313, 574, 411,  -1214, 573, 455,  0, 0, 0
L -1214, 573, 455,  -1211, 566, 413,  0, 0, 0
L -1211, 566, 413,  -1205, 566, 424,  0, 0, 0
L -1205, 566, 424,  -1197, 567, 421,  0, 0, 0
L -1197, 567, 421,  -1198, 570, 461,  0, 0, 0
L -1198, 570, 461,  -1190, 573, 421,  0, 0, 0
L -1190, 573, 421,  -1194, 595, 493,  0, 0, 0
P -71, 683, 0, 0, 0, 0, 2, Dawnshroud Peaks
P -1021, -449, 0, 0, 0, 0, 2, Marus Seru
P 327, -2054, 0, 0, 0, 0, 2, The Nexus
P -14, -1787, 0, 0, 0, 0, 2, Succor Point
